zdm/data/Surveys/CHIME/CHIME_decbin_16_of_30.ecsv
# %ECSV 1.0
# ---
# datatype:
# - {name: TNS, datatype: string}
# - {name: BTHRESH, datatype: int64}
# - {name: BW, datatype: float64}
# - {name: DM, datatype: float64}
# - {name: DMG, datatype: float64}
# - {name: FBAR, datatype: float64}
# - {name: FRES, datatype: float64}
# - {name: Gb, datatype: string, subtype: 'float64[null]'}
# - {name: Gl, datatype: string, subtype: 'float64[null]'}
# - {name: NREP, datatype: float64}
# - {name: SNR, datatype: float64}
# - {name: SNRTHRESH, datatype: float64}
# - {name: THRESH, datatype: float64}
# - {name: TRES, datatype: float64}
# - {name: WIDTH, datatype: float64}
# - {name: XDec, datatype: string, subtype: 'float64[null]'}
# - {name: XRA, datatype: string, subtype: 'float64[null]'}
# - {name: Z, datatype: string, subtype: 'float64[null]'}
# meta: !!omap
# - {survey_data: "{\n    \"observing\": {\n        \"NORM_FRB\": 86,\n        \"TOBS\": 0.8326411212682199\n    },\n    \"telescope\"\
#     : {\n        \"BEAM\": \"chime_bound_16_of_30\",\n        \"BMETHOD\": 3,\n        \"DIAM\": -1.0,\n        \"NBEAMS\": 1,\n   \
#     \     \"NBINS\": 1,\n        \"WBIAS\": \"CHIME\",\n        \"WMETHOD\": 0\n    }\n}"}
# schema: astropy-2.0
TNS BTHRESH BW DM DMG FBAR FRES Gb Gl NREP SNR SNRTHRESH THRESH TRES WIDTH XDec XRA Z
FRB20180729A 0 400.0 109.6 30.8 600.0 0.0244 "" "" 1.0 32.0 10.0 5.0 0.983 0.0 "" "" ""
FRB20180729B 0 400.0 317.2 94.0 600.0 0.0244 "" "" 1.0 12.4 10.0 5.0 0.983 0.314 "" "" ""
FRB20180906B 0 400.0 3038.1 31.4 600.0 0.0244 "" "" 1.0 10.7 10.0 5.0 0.983 0.0 "" "" ""
FRB20180909A 0 400.0 408.6 49.8 600.0 0.0244 "" "" 1.0 11.0 10.0 5.0 0.983 6.31 "" "" ""
FRB20180923D 0 400.0 329.4 30.7 600.0 0.0244 "" "" 1.0 48.1 10.0 5.0 0.983 0.0 "" "" ""
FRB20181013B 0 400.0 277.5 85.8 600.0 0.0244 "" "" 1.0 11.7 10.0 5.0 0.983 2.8 "" "" ""
FRB20181018A 0 400.0 1129.4 120.9 600.0 0.0244 "" "" 1.0 10.8 10.0 5.0 0.983 8.5 "" "" ""
FRB20181101A 0 400.0 1472.7 144.9 600.0 0.0244 "" "" 1.0 14.1 10.0 5.0 0.983 6.03 "" "" ""
FRB20181115A 0 400.0 981.6 40.0 600.0 0.0244 "" "" 1.0 18.8 10.0 5.0 0.983 1.83 "" "" ""
FRB20181117A 0 400.0 959.3 38.1 600.0 0.0244 "" "" 1.0 12.2 10.0 5.0 0.983 2.34 "" "" ""
FRB20181119E 0 400.0 1169.8 220.3 600.0 0.0244 "" "" 1.0 11.2 10.0 5.0 0.983 1.48 "" "" ""
FRB20181122A 0 400.0 662.8 196.1 600.0 0.0244 "" "" 1.0 12.2 10.0 5.0 0.983 0.68 "" "" ""
FRB20181123A 0 400.0 798.7 103.8 600.0 0.0244 "" "" 1.0 17.0 10.0 5.0 0.983 0.58 "" "" ""
FRB20181128C 0 400.0 618.4 49.1 600.0 0.0244 "" "" 1.0 11.0 10.0 5.0 0.983 0.0 "" "" ""
FRB20181128D 0 400.0 146.5 32.7 600.0 0.0244 "" "" 1.0 47.0 10.0 5.0 0.983 1.071 "" "" ""
FRB20181201B 0 400.0 876.6 51.3 600.0 0.0244 "" "" 1.0 14.2 10.0 5.0 0.983 2.24 "" "" ""
FRB20181202C 0 400.0 557.2 126.5 600.0 0.0244 "" "" 1.0 10.4 10.0 5.0 0.983 0.49 "" "" ""
FRB20181213B 0 400.0 626.6 30.6 600.0 0.0244 "" "" 1.0 12.3 10.0 5.0 0.983 0.85 "" "" ""
FRB20181214C 0 400.0 632.8 33.3 600.0 0.0244 "" "" 1.0 29.1 10.0 5.0 0.983 0.631 "" "" ""
FRB20181216A 0 400.0 542.7 146.7 600.0 0.0244 "" "" 1.0 11.0 10.0 5.0 0.983 0.22 "" "" ""
FRB20181217A 0 400.0 1177.2 69.8 600.0 0.0244 "" "" 1.0 12.5 10.0 5.0 0.983 1.015 "" "" ""
FRB20181218C 0 400.0 384.2 64.4 600.0 0.0244 "" "" 1.0 9.2 10.0 5.0 0.983 5.2 "" "" ""
FRB20181222D 0 400.0 1417.1 31.2 600.0 0.0244 "" "" 1.0 10.5 10.0 5.0 0.983 3.75 "" "" ""
FRB20181224C 0 400.0 596.3 55.3 600.0 0.0244 "" "" 1.0 13.3 10.0 5.0 0.983 2.37 "" "" ""
FRB20181224D 0 400.0 690.2 31.4 600.0 0.0244 "" "" 1.0 11.2 10.0 5.0 0.983 1.6 "" "" ""
FRB20181228C 0 400.0 510.7 45.6 600.0 0.0244 "" "" 1.0 11.1 10.0 5.0 0.983 0.88 "" "" ""
FRB20181230C 0 400.0 1037.2 36.9 600.0 0.0244 "" "" 1.0 14.3 10.0 5.0 0.983 0.76 "" "" ""
FRB20181230D 0 400.0 224.0 40.6 600.0 0.0244 "" "" 1.0 13.3 10.0 5.0 0.983 0.419 "" "" ""
FRB20181231B 0 400.0 197.2 46.9 600.0 0.0244 "" "" 1.0 33.2 10.0 5.0 0.983 0.337 "" "" ""
FRB20190103D 0 400.0 1913.6 33.3 600.0 0.0244 "" "" 1.0 10.5 10.0 5.0 0.983 0.0 "" "" ""
FRB20190110B 0 400.0 486.1 45.5 600.0 0.0244 "" "" 1.0 12.3 10.0 5.0 0.983 0.75 "" "" ""
FRB20190112A 0 400.0 425.8 42.0 600.0 0.0244 "" "" 1.0 27.8 10.0 5.0 0.983 1.64 "" "" ""
FRB20190115A 0 400.0 1021.7 186.4 600.0 0.0244 "" "" 1.0 10.4 10.0 5.0 0.983 0.89 "" "" ""
FRB20190116E 0 400.0 1491.0 128.4 600.0 0.0244 "" "" 1.0 11.9 10.0 5.0 0.983 0.607 "" "" ""
FRB20190124A 0 400.0 1275.9 176.6 600.0 0.0244 "" "" 1.0 14.4 10.0 5.0 0.983 2.27 "" "" ""
FRB20190125B 0 400.0 178.2 33.2 600.0 0.0244 "" "" 1.0 13.2 10.0 5.0 0.983 2.47 "" "" ""
FRB20190201B 0 400.0 749.2 54.2 600.0 0.0244 "" "" 1.0 19.8 10.0 5.0 0.983 0.8 "" "" ""
FRB20190203B 0 400.0 582.2 45.8 600.0 0.0244 "" "" 1.0 9.0 10.0 5.0 0.983 0.3 "" "" ""
FRB20190204A 0 400.0 449.6 36.1 600.0 0.0244 "" "" 1.0 10.1 10.0 5.0 0.983 1.81 "" "" ""
FRB20190210D 0 400.0 359.1 141.2 600.0 0.0244 "" "" 1.0 20.6 10.0 5.0 0.983 0.58 "" "" ""
FRB20190211B 0 400.0 260.7 84.5 600.0 0.0244 "" "" 1.0 12.7 10.0 5.0 0.983 0.0 "" "" ""
FRB20190212B 0 400.0 600.2 41.2 600.0 0.0244 "" "" 1.0 29.0 10.0 5.0 0.983 0.226 "" "" ""
FRB20190213D 0 400.0 1346.8 234.5 600.0 0.0244 "" "" 1.0 18.7 10.0 5.0 0.983 0.626 "" "" ""
FRB20190218A 0 400.0 1285.1 31.4 600.0 0.0244 "" "" 1.0 13.7 10.0 5.0 0.983 1.41 "" "" ""
FRB20190219B 0 400.0 1681.1 37.7 600.0 0.0244 "" "" 1.0 29.1 10.0 5.0 0.983 2.42 "" "" ""
FRB20190219C 0 400.0 806.7 124.1 600.0 0.0244 "" "" 1.0 9.1 10.0 5.0 0.983 2.08 "" "" ""
FRB20190221C 0 400.0 2042.3 220.6 600.0 0.0244 "" "" 1.0 19.3 10.0 5.0 0.983 1.18 "" "" ""
FRB20190221D 0 400.0 473.8 189.6 600.0 0.0244 "" "" 1.0 10.0 10.0 5.0 0.983 0.774 "" "" ""
FRB20190223B 0 400.0 536.5 124.7 600.0 0.0244 "" "" 1.0 9.0 10.0 5.0 0.983 0.654 "" "" ""
FRB20190224E 0 400.0 435.9 33.1 600.0 0.0244 "" "" 1.0 46.5 10.0 5.0 0.983 0.549 "" "" ""
FRB20190226B 0 400.0 631.6 50.7 600.0 0.0244 "" "" 1.0 9.2 10.0 5.0 0.983 4.0 "" "" ""
FRB20190227A 0 400.0 394.0 63.4 600.0 0.0244 "" "" 1.0 63.4 10.0 5.0 0.983 1.296 "" "" ""
FRB20190302A 0 400.0 1034.2 220.7 600.0 0.0244 "" "" 1.0 20.4 10.0 5.0 0.983 7.1 "" "" ""
FRB20190309A 0 400.0 356.9 58.6 600.0 0.0244 "" "" 1.0 9.3 10.0 5.0 0.983 0.581 "" "" ""
FRB20190317B 0 400.0 424.3 80.6 600.0 0.0244 "" "" 1.0 9.9 10.0 5.0 0.983 1.25 "" "" ""
FRB20190320D 0 400.0 1141.3 43.8 600.0 0.0244 "" "" 1.0 12.5 10.0 5.0 0.983 5.8 "" "" ""
FRB20190322A 0 400.0 1060.1 63.6 600.0 0.0244 "" "" 1.0 19.0 10.0 5.0 0.983 2.83 "" "" ""
FRB20190325C 0 400.0 797.8 188.4 600.0 0.0244 "" "" 1.0 11.7 10.0 5.0 0.983 3.2 "" "" ""
FRB20190328A 0 400.0 1303.6 51.8 600.0 0.0244 "" "" 1.0 10.2 10.0 5.0 0.983 7.4 "" "" ""
FRB20190329C 0 400.0 1256.4 60.4 600.0 0.0244 "" "" 1.0 26.7 10.0 5.0 0.983 1.262 "" "" ""
FRB20190330B 0 400.0 668.1 48.9 600.0 0.0244 "" "" 1.0 44.9 10.0 5.0 0.983 0.342 "" "" ""
FRB20190403C 0 400.0 935.0 38.9 600.0 0.0244 "" "" 1.0 9.0 10.0 5.0 0.983 0.87 "" "" ""
FRB20190412A 0 400.0 364.7 37.5 600.0 0.0244 "" "" 1.0 42.0 10.0 5.0 0.983 1.243 "" "" ""
FRB20190414B 0 400.0 506.5 37.8 600.0 0.0244 "" "" 1.0 13.6 10.0 5.0 0.983 4.57 "" "" ""
FRB20190415B 0 400.0 723.0 155.4 600.0 0.0244 "" "" 1.0 29.6 10.0 5.0 0.983 3.61 "" "" ""
FRB20190420A 0 400.0 609.1 65.7 600.0 0.0244 "" "" 1.0 15.9 10.0 5.0 0.983 0.77 "" "" ""
FRB20190423A 0 400.0 242.6 31.6 600.0 0.0244 "" "" 1.0 39.0 10.0 5.0 0.983 2.366 "" "" ""
FRB20190426A 0 400.0 340.7 55.9 600.0 0.0244 "" "" 1.0 23.9 10.0 5.0 0.983 0.398 "" "" ""
FRB20190429A 0 400.0 470.9 57.6 600.0 0.0244 "" "" 1.0 9.7 10.0 5.0 0.983 1.25 "" "" ""
FRB20190501B 0 400.0 784.1 43.6 600.0 0.0244 "" "" 1.0 24.3 10.0 5.0 0.983 0.84 "" "" ""
FRB20190502A 0 400.0 625.8 35.0 600.0 0.0244 "" "" 1.0 67.5 10.0 5.0 0.983 0.849 "" "" ""
FRB20190515A 0 400.0 450.5 157.4 600.0 0.0244 "" "" 1.0 20.9 10.0 5.0 0.983 1.77 "" "" ""
FRB20190527C 0 400.0 535.4 73.8 600.0 0.0244 "" "" 1.0 48.7 10.0 5.0 0.983 0.491 "" "" ""
FRB20190530A 0 400.0 555.4 139.2 600.0 0.0244 "" "" 1.0 11.5 10.0 5.0 0.983 1.02 "" "" ""
FRB20190531B 0 400.0 168.0 43.1 600.0 0.0244 "" "" 1.0 55.3 10.0 5.0 0.983 0.67 "" "" ""
FRB20190604C 0 400.0 515.6 163.9 600.0 0.0244 "" "" 1.0 45.1 10.0 5.0 0.983 5.41 "" "" ""
FRB20190604G 0 400.0 233.0 51.4 600.0 0.0244 "" "" 1.0 21.1 10.0 5.0 0.983 1.19 "" "" ""
FRB20190607B 0 400.0 289.4 138.3 600.0 0.0244 "" "" 1.0 15.8 10.0 5.0 0.983 0.916 "" "" ""
FRB20190609D 0 400.0 511.7 57.5 600.0 0.0244 "" "" 1.0 16.6 10.0 5.0 0.983 1.58 "" "" ""
FRB20190612C 0 400.0 1641.6 107.8 600.0 0.0244 "" "" 1.0 38.7 10.0 5.0 0.983 0.925 "" "" ""
FRB20190621B 0 400.0 1061.2 30.7 600.0 0.0244 "" "" 1.0 11.4 10.0 5.0 0.983 1.38 "" "" ""
FRB20190628A 0 400.0 745.8 29.8 600.0 0.0244 "" "" 1.0 10.9 10.0 5.0 0.983 0.477 "" "" ""
FRB20190701A 0 400.0 637.1 54.3 600.0 0.0244 "" "" 1.0 12.1 10.0 5.0 0.983 0.608 "" "" ""
FRB20190701E 0 400.0 890.5 42.4 600.0 0.0244 "" "" 1.0 15.2 10.0 5.0 0.983 0.42 "" "" ""
FRB20190417A 0 400.0 1380.1 78.2 600.0 0.0244 "" "" 1.0 13.4 10.0 5.0 0.983 2.99 "" "" ""
FRB20190604A 0 400.0 552.5 31.6 600.0 0.0244 "" "" 2.0 33.8 10.0 5.0 0.983 1.84 "" "" ""
