zdm/craco/MC_F/Surveys/F_0.32_survey.ecsv
# %ECSV 0.9
# ---
# datatype:
# - {name: TNS, datatype: string}
# - {name: BW, datatype: float64}
# - {name: DM, datatype: float64}
# - {name: DMG, datatype: float64}
# - {name: FBAR, datatype: float64}
# - {name: FRES, datatype: float64}
# - {name: Gb, datatype: object}
# - {name: Gl, datatype: object}
# - {name: SNR, datatype: float64}
# - {name: SNRTHRESH, datatype: float64}
# - {name: THRESH, datatype: float64}
# - {name: TRES, datatype: float64}
# - {name: WIDTH, datatype: float64}
# - {name: XDec, datatype: object}
# - {name: XRA, datatype: object}
# - {name: Z, datatype: float64}
# meta: !!omap
# - {survey_data: "{\n    \"observing\": {\n        \"NORM_FRB\": 1000,\n        \"TOBS\": 96.65\n    },\n    \"telescope\": {\n     \
#     \   \"BEAM\": \"lat50_log\",\n        \"DIAM\": 12.0,\n        \"NBEAMS\": 36\n    }\n}"}
# schema: astropy-2.0
TNS BW DM DMG FBAR FRES Gb Gl SNR SNRTHRESH THRESH TRES WIDTH XDec XRA Z
[from data line 447]
447 288.0 988.1 35.0 1320.0 1.0 "" "" 13.3 9.5 0.99 1.7 3.0 "" "" 1.024
448 288.0 256.9 35.0 1320.0 1.0 "" "" 11.8 9.5 0.99 1.7 3.0 "" "" 0.065
449 288.0 412.3 35.0 1320.0 1.0 "" "" 48.7 9.5 0.99 1.7 2.0 "" "" 0.343
450 288.0 595.9 35.0 1320.0 1.0 "" "" 69.4 9.5 0.99 1.7 4.0 "" "" 0.255
451 288.0 210.9 35.0 1320.0 1.0 "" "" 113.3 9.5 0.99 1.7 3.0 "" "" 0.012
452 288.0 463.7 35.0 1320.0 1.0 "" "" 14.9 9.5 0.99 1.7 2.0 "" "" 0.245
453 288.0 831.0 35.0 1320.0 1.0 "" "" 9.8 9.5 0.99 1.7 3.0 "" "" 0.714
454 288.0 3302.9 35.0 1320.0 1.0 "" "" 10.4 9.5 0.99 1.7 4.0 "" "" 1.408
455 288.0 924.3 35.0 1320.0 1.0 "" "" 16.5 9.5 0.99 1.7 3.0 "" "" 0.244
456 288.0 625.2 35.0 1320.0 1.0 "" "" 15.8 9.5 0.99 1.7 3.0 "" "" 0.519
457 288.0 836.0 35.0 1320.0 1.0 "" "" 28.4 9.5 0.99 1.7 2.0 "" "" 0.497
458 288.0 1100.8 35.0 1320.0 1.0 "" "" 12.2 9.5 0.99 1.7 2.0 "" "" 1.079
459 288.0 380.1 35.0 1320.0 1.0 "" "" 16.6 9.5 0.99 1.7 3.0 "" "" 0.149
460 288.0 615.4 35.0 1320.0 1.0 "" "" 15.5 9.5 0.99 1.7 2.0 "" "" 0.215
461 288.0 786.4 35.0 1320.0 1.0 "" "" 77.7 9.5 0.99 1.7 2.0 "" "" 0.364
462 288.0 460.6 35.0 1320.0 1.0 "" "" 12.4 9.5 0.99 1.7 2.0 "" "" 0.153
463 288.0 734.3 35.0 1320.0 1.0 "" "" 14.9 9.5 0.99 1.7 2.0 "" "" 0.393
464 288.0 1370.5 35.0 1320.0 1.0 "" "" 16.2 9.5 0.99 1.7 2.0 "" "" 0.292
465 288.0 463.3 35.0 1320.0 1.0 "" "" 13.3 9.5 0.99 1.7 4.0 "" "" 0.344
466 288.0 250.4 35.0 1320.0 1.0 "" "" 11.0 9.5 0.99 1.7 2.0 "" "" 0.001
467 288.0 478.9 35.0 1320.0 1.0 "" "" 10.8 9.5 0.99 1.7 4.0 "" "" 0.471
468 288.0 164.9 35.0 1320.0 1.0 "" "" 48.7 9.5 0.99 1.7 1.0 "" "" 0.02
469 288.0 331.3 35.0 1320.0 1.0 "" "" 36.3 9.5 0.99 1.7 3.0 "" "" 0.336
470 288.0 940.2 35.0 1320.0 1.0 "" "" 18.3 9.5 0.99 1.7 4.0 "" "" 0.651
471 288.0 740.2 35.0 1320.0 1.0 "" "" 9.7 9.5 0.99 1.7 2.0 "" "" 0.844
472 288.0 677.1 35.0 1320.0 1.0 "" "" 12.0 9.5 0.99 1.7 2.0 "" "" 0.575
473 288.0 910.6 35.0 1320.0 1.0 "" "" 10.3 9.5 0.99 1.7 2.0 "" "" 0.963
474 288.0 552.9 35.0 1320.0 1.0 "" "" 13.9 9.5 0.99 1.7 2.0 "" "" 0.287
475 288.0 342.1 35.0 1320.0 1.0 "" "" 201.4 9.5 0.99 1.7 1.0 "" "" 0.315
476 288.0 323.7 35.0 1320.0 1.0 "" "" 31.2 9.5 0.99 1.7 2.0 "" "" 0.18
477 288.0 553.2 35.0 1320.0 1.0 "" "" 29.9 9.5 0.99 1.7 1.0 "" "" 0.354
478 288.0 541.8 35.0 1320.0 1.0 "" "" 10.2 9.5 0.99 1.7 3.0 "" "" 0.428
479 288.0 330.2 35.0 1320.0 1.0 "" "" 46.8 9.5 0.99 1.7 2.0 "" "" 0.326
480 288.0 518.4 35.0 1320.0 1.0 "" "" 18.8 9.5 0.99 1.7 4.0 "" "" 0.364
481 288.0 381.3 35.0 1320.0 1.0 "" "" 36.2 9.5 0.99 1.7 4.0 "" "" 0.297
482 288.0 1405.2 35.0 1320.0 1.0 "" "" 15.4 9.5 0.99 1.7 2.0 "" "" 1.059
483 288.0 282.5 35.0 1320.0 1.0 "" "" 14.5 9.5 0.99 1.7 3.0 "" "" 0.209
484 288.0 610.2 35.0 1320.0 1.0 "" "" 35.2 9.5 0.99 1.7 3.0 "" "" 0.515
485 288.0 270.6 35.0 1320.0 1.0 "" "" 14.5 9.5 0.99 1.7 3.0 "" "" 0.323
486 288.0 375.0 35.0 1320.0 1.0 "" "" 30.8 9.5 0.99 1.7 2.0 "" "" 0.249
487 288.0 982.7 35.0 1320.0 1.0 "" "" 10.0 9.5 0.99 1.7 2.0 "" "" 0.836
488 288.0 248.4 35.0 1320.0 1.0 "" "" 11.2 9.5 0.99 1.7 1.0 "" "" 0.076
489 288.0 2137.1 35.0 1320.0 1.0 "" "" 15.4 9.5 0.99 1.7 5.0 "" "" 0.049
490 288.0 423.0 35.0 1320.0 1.0 "" "" 11.5 9.5 0.99 1.7 3.0 "" "" 0.311
491 288.0 494.6 35.0 1320.0 1.0 "" "" 12.8 9.5 0.99 1.7 3.0 "" "" 0.116
492 288.0 211.5 35.0 1320.0 1.0 "" "" 12.8 9.5 0.99 1.7 2.0 "" "" 0.145
493 288.0 871.3 35.0 1320.0 1.0 "" "" 25.3 9.5 0.99 1.7 5.0 "" "" 0.917
494 288.0 864.6 35.0 1320.0 1.0 "" "" 10.3 9.5 0.99 1.7 3.0 "" "" 0.557
495 288.0 960.7 35.0 1320.0 1.0 "" "" 9.9 9.5 0.99 1.7 2.0 "" "" 0.209
496 288.0 377.2 35.0 1320.0 1.0 "" "" 136.5 9.5 0.99 1.7 2.0 "" "" 0.223
497 288.0 420.1 35.0 1320.0 1.0 "" "" 14.1 9.5 0.99 1.7 2.0 "" "" 0.275
498 288.0 212.0 35.0 1320.0 1.0 "" "" 11.5 9.5 0.99 1.7 4.0 "" "" 0.022
499 288.0 301.6 35.0 1320.0 1.0 "" "" 9.6 9.5 0.99 1.7 0.0 "" "" 0.172
500 288.0 892.1 35.0 1320.0 1.0 "" "" 17.3 9.5 0.99 1.7 3.0 "" "" 1.031
501 288.0 491.5 35.0 1320.0 1.0 "" "" 10.1 9.5 0.99 1.7 2.0 "" "" 0.193
502 288.0 391.7 35.0 1320.0 1.0 "" "" 23.1 9.5 0.99 1.7 2.0 "" "" 0.071
503 288.0 435.7 35.0 1320.0 1.0 "" "" 11.9 9.5 0.99 1.7 2.0 "" "" 0.336
504 288.0 232.4 35.0 1320.0 1.0 "" "" 9.7 9.5 0.99 1.7 4.0 "" "" 0.003
505 288.0 148.3 35.0 1320.0 1.0 "" "" 410.7 9.5 0.99 1.7 3.0 "" "" 0.051
506 288.0 604.8 35.0 1320.0 1.0 "" "" 10.9 9.5 0.99 1.7 1.0 "" "" 0.845
507 288.0 367.8 35.0 1320.0 1.0 "" "" 15.0 9.5 0.99 1.7 3.0 "" "" 0.316
508 288.0 491.2 35.0 1320.0 1.0 "" "" 24.1 9.5 0.99 1.7 0.0 "" "" 0.59
509 288.0 1014.1 35.0 1320.0 1.0 "" "" 16.1 9.5 0.99 1.7 4.0 "" "" 0.332
510 288.0 1117.8 35.0 1320.0 1.0 "" "" 11.4 9.5 0.99 1.7 3.0 "" "" 0.924
511 288.0 472.8 35.0 1320.0 1.0 "" "" 16.1 9.5 0.99 1.7 4.0 "" "" 0.554
512 288.0 642.9 35.0 1320.0 1.0 "" "" 11.8 9.5 0.99 1.7 2.0 "" "" 0.43
513 288.0 208.0 35.0 1320.0 1.0 "" "" 17.9 9.5 0.99 1.7 2.0 "" "" 0.152
514 288.0 783.0 35.0 1320.0 1.0 "" "" 12.7 9.5 0.99 1.7 3.0 "" "" 0.93
515 288.0 869.7 35.0 1320.0 1.0 "" "" 23.6 9.5 0.99 1.7 2.0 "" "" 0.328
516 288.0 274.3 35.0 1320.0 1.0 "" "" 13.0 9.5 0.99 1.7 4.0 "" "" 0.25
517 288.0 458.5 35.0 1320.0 1.0 "" "" 12.5 9.5 0.99 1.7 4.0 "" "" 0.546
518 288.0 1750.0 35.0 1320.0 1.0 "" "" 10.2 9.5 0.99 1.7 1.0 "" "" 0.991
519 288.0 1113.0 35.0 1320.0 1.0 "" "" 14.2 9.5 0.99 1.7 2.0 "" "" 1.267
520 288.0 257.2 35.0 1320.0 1.0 "" "" 13.4 9.5 0.99 1.7 2.0 "" "" 0.002
521 288.0 1075.0 35.0 1320.0 1.0 "" "" 10.8 9.5 0.99 1.7 3.0 "" "" 0.055
522 288.0 313.5 35.0 1320.0 1.0 "" "" 13.5 9.5 0.99 1.7 4.0 "" "" 0.077
523 288.0 527.0 35.0 1320.0 1.0 "" "" 10.9 9.5 0.99 1.7 3.0 "" "" 0.442
524 288.0 549.7 35.0 1320.0 1.0 "" "" 11.6 9.5 0.99 1.7 1.0 "" "" 0.25
525 288.0 990.7 35.0 1320.0 1.0 "" "" 60.2 9.5 0.99 1.7 2.0 "" "" 0.987
526 288.0 446.0 35.0 1320.0 1.0 "" "" 32.2 9.5 0.99 1.7 1.0 "" "" 0.548
527 288.0 398.9 35.0 1320.0 1.0 "" "" 11.3 9.5 0.99 1.7 3.0 "" "" 0.42
528 288.0 257.7 35.0 1320.0 1.0 "" "" 42.6 9.5 0.99 1.7 1.0 "" "" 0.206
529 288.0 413.9 35.0 1320.0 1.0 "" "" 88.2 9.5 0.99 1.7 2.0 "" "" 0.428
530 288.0 455.6 35.0 1320.0 1.0 "" "" 15.1 9.5 0.99 1.7 4.0 "" "" 0.043
531 288.0 346.0 35.0 1320.0 1.0 "" "" 268.1 9.5 0.99 1.7 3.0 "" "" 0.136
532 288.0 587.8 35.0 1320.0 1.0 "" "" 45.8 9.5 0.99 1.7 2.0 "" "" 0.44
533 288.0 343.5 35.0 1320.0 1.0 "" "" 56.1 9.5 0.99 1.7 3.0 "" "" 0.357
534 288.0 1243.0 35.0 1320.0 1.0 "" "" 13.7 9.5 0.99 1.7 1.0 "" "" 1.553
535 288.0 483.7 35.0 1320.0 1.0 "" "" 9.9 9.5 0.99 1.7 3.0 "" "" 0.426
536 288.0 471.1 35.0 1320.0 1.0 "" "" 17.0 9.5 0.99 1.7 3.0 "" "" 0.429
537 288.0 269.3 35.0 1320.0 1.0 "" "" 20.6 9.5 0.99 1.7 1.0 "" "" 0.267
538 288.0 242.4 35.0 1320.0 1.0 "" "" 12.8 9.5 0.99 1.7 3.0 "" "" 0.066
539 288.0 1627.4 35.0 1320.0 1.0 "" "" 13.3 9.5 0.99 1.7 2.0 "" "" 1.156
540 288.0 562.4 35.0 1320.0 1.0 "" "" 24.3 9.5 0.99 1.7 2.0 "" "" 0.595
541 288.0 125.9 35.0 1320.0 1.0 "" "" 11.6 9.5 0.99 1.7 1.0 "" "" 0.025
542 288.0 1062.3 35.0 1320.0 1.0 "" "" 31.0 9.5 0.99 1.7 3.0 "" "" 1.306
543 288.0 366.7 35.0 1320.0 1.0 "" "" 13.0 9.5 0.99 1.7 2.0 "" "" 0.433
544 288.0 814.9 35.0 1320.0 1.0 "" "" 13.7 9.5 0.99 1.7 3.0 "" "" 0.752
545 288.0 124.3 35.0 1320.0 1.0 "" "" 14.8 9.5 0.99 1.7 4.0 "" "" 0.046
546 288.0 431.5 35.0 1320.0 1.0 "" "" 12.5 9.5 0.99 1.7 2.0 "" "" 0.041
547 288.0 312.5 35.0 1320.0 1.0 "" "" 18.6 9.5 0.99 1.7 1.0 "" "" 0.17
548 288.0 720.7 35.0 1320.0 1.0 "" "" 26.7 9.5 0.99 1.7 2.0 "" "" 0.329
549 288.0 537.4 35.0 1320.0 1.0 "" "" 23.5 9.5 0.99 1.7 2.0 "" "" 0.321
550 288.0 437.0 35.0 1320.0 1.0 "" "" 11.9 9.5 0.99 1.7 3.0 "" "" 0.403
551 288.0 443.4 35.0 1320.0 1.0 "" "" 28.3 9.5 0.99 1.7 2.0 "" "" 0.39
552 288.0 585.0 35.0 1320.0 1.0 "" "" 19.9 9.5 0.99 1.7 1.0 "" "" 0.368
553 288.0 811.8 35.0 1320.0 1.0 "" "" 16.2 9.5 0.99 1.7 3.0 "" "" 0.789
554 288.0 608.4 35.0 1320.0 1.0 "" "" 21.8 9.5 0.99 1.7 2.0 "" "" 0.389
555 288.0 281.2 35.0 1320.0 1.0 "" "" 17.0 9.5 0.99 1.7 3.0 "" "" 0.099
556 288.0 594.1 35.0 1320.0 1.0 "" "" 13.5 9.5 0.99 1.7 4.0 "" "" 0.145
557 288.0 329.8 35.0 1320.0 1.0 "" "" 33.1 9.5 0.99 1.7 3.0 "" "" 0.282
558 288.0 593.5 35.0 1320.0 1.0 "" "" 61.8 9.5 0.99 1.7 1.0 "" "" 0.7
559 288.0 1161.1 35.0 1320.0 1.0 "" "" 12.8 9.5 0.99 1.7 2.0 "" "" 0.899
560 288.0 290.6 35.0 1320.0 1.0 "" "" 29.3 9.5 0.99 1.7 2.0 "" "" 0.026
561 288.0 416.8 35.0 1320.0 1.0 "" "" 25.7 9.5 0.99 1.7 3.0 "" "" 0.419
562 288.0 1513.6 35.0 1320.0 1.0 "" "" 16.6 9.5 0.99 1.7 3.0 "" "" 0.275
563 288.0 408.6 35.0 1320.0 1.0 "" "" 41.7 9.5 0.99 1.7 2.0 "" "" 0.386
564 288.0 1315.3 35.0 1320.0 1.0 "" "" 36.9 9.5 0.99 1.7 3.0 "" "" 1.159
565 288.0 446.2 35.0 1320.0 1.0 "" "" 13.4 9.5 0.99 1.7 1.0 "" "" 0.158
566 288.0 298.4 35.0 1320.0 1.0 "" "" 9.7 9.5 0.99 1.7 2.0 "" "" 0.207
567 288.0 721.1 35.0 1320.0 1.0 "" "" 67.3 9.5 0.99 1.7 2.0 "" "" 0.351
568 288.0 184.3 35.0 1320.0 1.0 "" "" 171.1 9.5 0.99 1.7 2.0 "" "" 0.036
569 288.0 129.6 35.0 1320.0 1.0 "" "" 10.8 9.5 0.99 1.7 1.0 "" "" 0.097
570 288.0 624.8 35.0 1320.0 1.0 "" "" 132.1 9.5 0.99 1.7 2.0 "" "" 0.15
571 288.0 1829.0 35.0 1320.0 1.0 "" "" 22.9 9.5 0.99 1.7 3.0 "" "" 1.818
572 288.0 438.5 35.0 1320.0 1.0 "" "" 183.6 9.5 0.99 1.7 3.0 "" "" 0.205
573 288.0 1390.3 35.0 1320.0 1.0 "" "" 16.4 9.5 0.99 1.7 1.0 "" "" 1.05
574 288.0 829.0 35.0 1320.0 1.0 "" "" 20.2 9.5 0.99 1.7 4.0 "" "" 0.253
575 288.0 771.9 35.0 1320.0 1.0 "" "" 11.6 9.5 0.99 1.7 1.0 "" "" 0.675
576 288.0 575.5 35.0 1320.0 1.0 "" "" 40.1 9.5 0.99 1.7 3.0 "" "" 0.693
577 288.0 282.4 35.0 1320.0 1.0 "" "" 17.0 9.5 0.99 1.7 2.0 "" "" 0.14
578 288.0 166.3 35.0 1320.0 1.0 "" "" 11.0 9.5 0.99 1.7 3.0 "" "" 0.18
579 288.0 390.1 35.0 1320.0 1.0 "" "" 9.7 9.5 0.99 1.7 1.0 "" "" 0.124
580 288.0 518.5 35.0 1320.0 1.0 "" "" 67.6 9.5 0.99 1.7 2.0 "" "" 0.476
581 288.0 485.0 35.0 1320.0 1.0 "" "" 14.9 9.5 0.99 1.7 5.0 "" "" 0.047
582 288.0 1440.3 35.0 1320.0 1.0 "" "" 18.3 9.5 0.99 1.7 2.0 "" "" 1.788
583 288.0 648.5 35.0 1320.0 1.0 "" "" 21.9 9.5 0.99 1.7 2.0 "" "" 0.519
584 288.0 732.4 35.0 1320.0 1.0 "" "" 14.0 9.5 0.99 1.7 3.0 "" "" 0.514
585 288.0 498.6 35.0 1320.0 1.0 "" "" 15.4 9.5 0.99 1.7 2.0 "" "" 0.257
586 288.0 1418.2 35.0 1320.0 1.0 "" "" 11.6 9.5 0.99 1.7 4.0 "" "" 0.02
587 288.0 510.3 35.0 1320.0 1.0 "" "" 12.5 9.5 0.99 1.7 1.0 "" "" 0.508
588 288.0 641.0 35.0 1320.0 1.0 "" "" 58.8 9.5 0.99 1.7 4.0 "" "" 0.536
589 288.0 176.0 35.0 1320.0 1.0 "" "" 9.8 9.5 0.99 1.7 3.0 "" "" 0.032
590 288.0 515.8 35.0 1320.0 1.0 "" "" 13.9 9.5 0.99 1.7 1.0 "" "" 0.441
591 288.0 131.3 35.0 1320.0 1.0 "" "" 151.3 9.5 0.99 1.7 1.0 "" "" 0.04
592 288.0 437.2 35.0 1320.0 1.0 "" "" 62.6 9.5 0.99 1.7 2.0 "" "" 0.449
593 288.0 175.1 35.0 1320.0 1.0 "" "" 289.1 9.5 0.99 1.7 2.0 "" "" 0.151
594 288.0 702.0 35.0 1320.0 1.0 "" "" 12.5 9.5 0.99 1.7 3.0 "" "" 0.526
595 288.0 1701.6 35.0 1320.0 1.0 "" "" 12.3 9.5 0.99 1.7 2.0 "" "" 1.675
596 288.0 459.8 35.0 1320.0 1.0 "" "" 13.7 9.5 0.99 1.7 2.0 "" "" 0.572
597 288.0 2375.3 35.0 1320.0 1.0 "" "" 9.7 9.5 0.99 1.7 3.0 "" "" 2.793
598 288.0 445.5 35.0 1320.0 1.0 "" "" 17.7 9.5 0.99 1.7 2.0 "" "" 0.209
599 288.0 199.4 35.0 1320.0 1.0 "" "" 20.1 9.5 0.99 1.7 2.0 "" "" 0.122
600 288.0 1155.0 35.0 1320.0 1.0 "" "" 16.3 9.5 0.99 1.7 2.0 "" "" 0.493
601 288.0 292.6 35.0 1320.0 1.0 "" "" 27.7 9.5 0.99 1.7 3.0 "" "" 0.101
602 288.0 410.7 35.0 1320.0 1.0 "" "" 10.8 9.5 0.99 1.7 2.0 "" "" 0.242
603 288.0 192.1 35.0 1320.0 1.0 "" "" 18.4 9.5 0.99 1.7 4.0 "" "" 0.126
604 288.0 373.7 35.0 1320.0 1.0 "" "" 9.9 9.5 0.99 1.7 3.0 "" "" 0.031
605 288.0 722.7 35.0 1320.0 1.0 "" "" 13.5 9.5 0.99 1.7 5.0 "" "" 0.574
606 288.0 915.4 35.0 1320.0 1.0 "" "" 12.4 9.5 0.99 1.7 3.0 "" "" 0.87
607 288.0 343.0 35.0 1320.0 1.0 "" "" 13.8 9.5 0.99 1.7 3.0 "" "" 0.287
608 288.0 127.5 35.0 1320.0 1.0 "" "" 15.8 9.5 0.99 1.7 2.0 "" "" 0.055
609 288.0 771.3 35.0 1320.0 1.0 "" "" 23.1 9.5 0.99 1.7 3.0 "" "" 0.987
610 288.0 506.2 35.0 1320.0 1.0 "" "" 18.4 9.5 0.99 1.7 3.0 "" "" 0.501
611 288.0 607.9 35.0 1320.0 1.0 "" "" 27.8 9.5 0.99 1.7 2.0 "" "" 0.242
612 288.0 975.2 35.0 1320.0 1.0 "" "" 34.8 9.5 0.99 1.7 1.0 "" "" 0.981
613 288.0 592.0 35.0 1320.0 1.0 "" "" 10.5 9.5 0.99 1.7 2.0 "" "" 0.018
614 288.0 653.4 35.0 1320.0 1.0 "" "" 25.1 9.5 0.99 1.7 2.0 "" "" 0.476
615 288.0 843.6 35.0 1320.0 1.0 "" "" 10.4 9.5 0.99 1.7 3.0 "" "" 1.086
616 288.0 348.3 35.0 1320.0 1.0 "" "" 10.1 9.5 0.99 1.7 3.0 "" "" 0.181
617 288.0 185.9 35.0 1320.0 1.0 "" "" 24.8 9.5 0.99 1.7 3.0 "" "" 0.118
618 288.0 1906.7 35.0 1320.0 1.0 "" "" 13.0 9.5 0.99 1.7 2.0 "" "" 1.795
619 288.0 237.6 35.0 1320.0 1.0 "" "" 27.8 9.5 0.99 1.7 1.0 "" "" 0.184
620 288.0 267.9 35.0 1320.0 1.0 "" "" 58.0 9.5 0.99 1.7 3.0 "" "" 0.116
621 288.0 406.6 35.0 1320.0 1.0 "" "" 15.0 9.5 0.99 1.7 3.0 "" "" 0.415
622 288.0 430.5 35.0 1320.0 1.0 "" "" 12.6 9.5 0.99 1.7 3.0 "" "" 0.455
623 288.0 1150.5 35.0 1320.0 1.0 "" "" 16.7 9.5 0.99 1.7 3.0 "" "" 0.369
624 288.0 383.2 35.0 1320.0 1.0 "" "" 15.8 9.5 0.99 1.7 3.0 "" "" 0.175
625 288.0 671.0 35.0 1320.0 1.0 "" "" 20.1 9.5 0.99 1.7 3.0 "" "" 0.894
626 288.0 372.8 35.0 1320.0 1.0 "" "" 14.0 9.5 0.99 1.7 2.0 "" "" 0.102
627 288.0 888.9 35.0 1320.0 1.0 "" "" 12.9 9.5 0.99 1.7 3.0 "" "" 0.032
628 288.0 1052.2 35.0 1320.0 1.0 "" "" 26.5 9.5 0.99 1.7 2.0 "" "" 1.371
629 288.0 1023.3 35.0 1320.0 1.0 "" "" 21.5 9.5 0.99 1.7 1.0 "" "" 1.418
630 288.0 281.3 35.0 1320.0 1.0 "" "" 25.2 9.5 0.99 1.7 4.0 "" "" 0.041
631 288.0 238.1 35.0 1320.0 1.0 "" "" 12.6 9.5 0.99 1.7 2.0 "" "" 0.251
632 288.0 552.2 35.0 1320.0 1.0 "" "" 11.6 9.5 0.99 1.7 3.0 "" "" 0.562
633 288.0 558.2 35.0 1320.0 1.0 "" "" 9.8 9.5 0.99 1.7 3.0 "" "" 0.484
634 288.0 337.6 35.0 1320.0 1.0 "" "" 22.0 9.5 0.99 1.7 1.0 "" "" 0.08
635 288.0 295.2 35.0 1320.0 1.0 "" "" 11.4 9.5 0.99 1.7 3.0 "" "" 0.209
636 288.0 575.8 35.0 1320.0 1.0 "" "" 10.4 9.5 0.99 1.7 2.0 "" "" 0.189
637 288.0 375.9 35.0 1320.0 1.0 "" "" 14.7 9.5 0.99 1.7 1.0 "" "" 0.064
638 288.0 129.2 35.0 1320.0 1.0 "" "" 24.3 9.5 0.99 1.7 2.0 "" "" 0.073
639 288.0 198.3 35.0 1320.0 1.0 "" "" 10.5 9.5 0.99 1.7 0.0 "" "" 0.058
640 288.0 445.5 35.0 1320.0 1.0 "" "" 87.9 9.5 0.99 1.7 1.0 "" "" 0.33
641 288.0 215.9 35.0 1320.0 1.0 "" "" 35.2 9.5 0.99 1.7 1.0 "" "" 0.114
642 288.0 212.4 35.0 1320.0 1.0 "" "" 16.9 9.5 0.99 1.7 3.0 "" "" 0.084
643 288.0 1228.4 35.0 1320.0 1.0 "" "" 13.0 9.5 0.99 1.7 3.0 "" "" 1.305
644 288.0 578.5 35.0 1320.0 1.0 "" "" 11.5 9.5 0.99 1.7 1.0 "" "" 0.149
645 288.0 706.3 35.0 1320.0 1.0 "" "" 39.2 9.5 0.99 1.7 1.0 "" "" 0.794
646 288.0 597.8 35.0 1320.0 1.0 "" "" 38.6 9.5 0.99 1.7 3.0 "" "" 0.536
647 288.0 283.6 35.0 1320.0 1.0 "" "" 14.3 9.5 0.99 1.7 2.0 "" "" 0.195
648 288.0 2236.7 35.0 1320.0 1.0 "" "" 20.4 9.5 0.99 1.7 2.0 "" "" 1.327
649 288.0 694.4 35.0 1320.0 1.0 "" "" 15.4 9.5 0.99 1.7 4.0 "" "" 0.099
650 288.0 213.5 35.0 1320.0 1.0 "" "" 11.9 9.5 0.99 1.7 3.0 "" "" 0.136
651 288.0 961.6 35.0 1320.0 1.0 "" "" 28.1 9.5 0.99 1.7 2.0 "" "" 0.475
652 288.0 801.4 35.0 1320.0 1.0 "" "" 12.3 9.5 0.99 1.7 2.0 "" "" 0.818
653 288.0 396.1 35.0 1320.0 1.0 "" "" 22.6 9.5 0.99 1.7 4.0 "" "" 0.233
654 288.0 1093.6 35.0 1320.0 1.0 "" "" 10.9 9.5 0.99 1.7 3.0 "" "" 0.806
655 288.0 493.6 35.0 1320.0 1.0 "" "" 9.9 9.5 0.99 1.7 1.0 "" "" 0.322
656 288.0 518.1 35.0 1320.0 1.0 "" "" 14.7 9.5 0.99 1.7 3.0 "" "" 0.52
657 288.0 478.0 35.0 1320.0 1.0 "" "" 16.7 9.5 0.99 1.7 4.0 "" "" 0.094
658 288.0 242.1 35.0 1320.0 1.0 "" "" 139.7 9.5 0.99 1.7 3.0 "" "" 0.098
659 288.0 261.7 35.0 1320.0 1.0 "" "" 43.3 9.5 0.99 1.7 3.0 "" "" 0.142
660 288.0 443.3 35.0 1320.0 1.0 "" "" 11.6 9.5 0.99 1.7 2.0 "" "" 0.042
661 288.0 1386.8 35.0 1320.0 1.0 "" "" 26.7 9.5 0.99 1.7 3.0 "" "" 0.544
662 288.0 475.0 35.0 1320.0 1.0 "" "" 22.0 9.5 0.99 1.7 1.0 "" "" 0.228
663 288.0 545.5 35.0 1320.0 1.0 "" "" 9.7 9.5 0.99 1.7 3.0 "" "" 0.709
664 288.0 220.1 35.0 1320.0 1.0 "" "" 21.6 9.5 0.99 1.7 2.0 "" "" 0.093
665 288.0 809.9 35.0 1320.0 1.0 "" "" 12.2 9.5 0.99 1.7 2.0 "" "" 0.829
666 288.0 358.1 35.0 1320.0 1.0 "" "" 14.5 9.5 0.99 1.7 1.0 "" "" 0.122
667 288.0 842.0 35.0 1320.0 1.0 "" "" 12.4 9.5 0.99 1.7 3.0 "" "" 0.323
