zdm/craco/MC_F/Surveys/F_0.32_survey.ecsv
# %ECSV 0.9
# ---
# datatype:
# - {name: TNS, datatype: string}
# - {name: BW, datatype: float64}
# - {name: DM, datatype: float64}
# - {name: DMG, datatype: float64}
# - {name: FBAR, datatype: float64}
# - {name: FRES, datatype: float64}
# - {name: Gb, datatype: object}
# - {name: Gl, datatype: object}
# - {name: SNR, datatype: float64}
# - {name: SNRTHRESH, datatype: float64}
# - {name: THRESH, datatype: float64}
# - {name: TRES, datatype: float64}
# - {name: WIDTH, datatype: float64}
# - {name: XDec, datatype: object}
# - {name: XRA, datatype: object}
# - {name: Z, datatype: float64}
# meta: !!omap
# - {survey_data: "{\n    \"observing\": {\n        \"NORM_FRB\": 1000,\n        \"TOBS\": 96.65\n    },\n    \"telescope\": {\n     \
#     \   \"BEAM\": \"lat50_log\",\n        \"DIAM\": 12.0,\n        \"NBEAMS\": 36\n    }\n}"}
# schema: astropy-2.0
TNS BW DM DMG FBAR FRES Gb Gl SNR SNRTHRESH THRESH TRES WIDTH XDec XRA Z
0 288.0 550.1 35.0 1320.0 1.0 "" "" 25.5 9.5 0.99 1.7 2.0 "" "" 0.313
1 288.0 273.7 35.0 1320.0 1.0 "" "" 22.8 9.5 0.99 1.7 2.0 "" "" 0.02
2 288.0 680.2 35.0 1320.0 1.0 "" "" 10.2 9.5 0.99 1.7 1.0 "" "" 0.645
3 288.0 515.1 35.0 1320.0 1.0 "" "" 36.1 9.5 0.99 1.7 3.0 "" "" 0.179
4 288.0 572.3 35.0 1320.0 1.0 "" "" 44.0 9.5 0.99 1.7 5.0 "" "" 0.207
5 288.0 330.9 35.0 1320.0 1.0 "" "" 17.6 9.5 0.99 1.7 4.0 "" "" 0.299
6 288.0 888.9 35.0 1320.0 1.0 "" "" 22.3 9.5 0.99 1.7 3.0 "" "" 0.737
7 288.0 378.2 35.0 1320.0 1.0 "" "" 25.7 9.5 0.99 1.7 2.0 "" "" 0.358
8 288.0 458.5 35.0 1320.0 1.0 "" "" 104.3 9.5 0.99 1.7 1.0 "" "" 0.047
9 288.0 1047.4 35.0 1320.0 1.0 "" "" 19.8 9.5 0.99 1.7 2.0 "" "" 1.259
10 288.0 349.8 35.0 1320.0 1.0 "" "" 39.3 9.5 0.99 1.7 4.0 "" "" 0.3
11 288.0 376.2 35.0 1320.0 1.0 "" "" 15.3 9.5 0.99 1.7 2.0 "" "" 0.476
12 288.0 240.3 35.0 1320.0 1.0 "" "" 33.6 9.5 0.99 1.7 1.0 "" "" 0.254
13 288.0 495.1 35.0 1320.0 1.0 "" "" 13.1 9.5 0.99 1.7 3.0 "" "" 0.486
14 288.0 302.0 35.0 1320.0 1.0 "" "" 16.2 9.5 0.99 1.7 3.0 "" "" 0.061
15 288.0 465.4 35.0 1320.0 1.0 "" "" 46.8 9.5 0.99 1.7 3.0 "" "" 0.222
16 288.0 298.9 35.0 1320.0 1.0 "" "" 12.0 9.5 0.99 1.7 3.0 "" "" 0.173
17 288.0 362.7 35.0 1320.0 1.0 "" "" 12.0 9.5 0.99 1.7 4.0 "" "" 0.074
18 288.0 1707.5 35.0 1320.0 1.0 "" "" 16.8 9.5 0.99 1.7 3.0 "" "" 0.842
19 288.0 122.8 35.0 1320.0 1.0 "" "" 53.0 9.5 0.99 1.7 2.0 "" "" 0.003
20 288.0 405.5 35.0 1320.0 1.0 "" "" 58.0 9.5 0.99 1.7 3.0 "" "" 0.538
21 288.0 896.8 35.0 1320.0 1.0 "" "" 13.1 9.5 0.99 1.7 3.0 "" "" 0.754
22 288.0 300.8 35.0 1320.0 1.0 "" "" 19.6 9.5 0.99 1.7 2.0 "" "" 0.163
23 288.0 913.3 35.0 1320.0 1.0 "" "" 10.6 9.5 0.99 1.7 2.0 "" "" 0.768
24 288.0 763.0 35.0 1320.0 1.0 "" "" 31.8 9.5 0.99 1.7 3.0 "" "" 0.716
25 288.0 1107.1 35.0 1320.0 1.0 "" "" 13.2 9.5 0.99 1.7 2.0 "" "" 1.02
26 288.0 417.6 35.0 1320.0 1.0 "" "" 138.9 9.5 0.99 1.7 1.0 "" "" 0.352
27 288.0 355.0 35.0 1320.0 1.0 "" "" 14.8 9.5 0.99 1.7 2.0 "" "" 0.283
28 288.0 240.7 35.0 1320.0 1.0 "" "" 18.7 9.5 0.99 1.7 3.0 "" "" 0.038
29 288.0 618.0 35.0 1320.0 1.0 "" "" 37.9 9.5 0.99 1.7 4.0 "" "" 0.318
30 288.0 975.5 35.0 1320.0 1.0 "" "" 17.5 9.5 0.99 1.7 2.0 "" "" 0.407
31 288.0 403.9 35.0 1320.0 1.0 "" "" 10.0 9.5 0.99 1.7 3.0 "" "" 0.124
32 288.0 975.2 35.0 1320.0 1.0 "" "" 11.3 9.5 0.99 1.7 2.0 "" "" 1.093
33 288.0 142.8 35.0 1320.0 1.0 "" "" 20.2 9.5 0.99 1.7 4.0 "" "" 0.001
34 288.0 299.6 35.0 1320.0 1.0 "" "" 16.5 9.5 0.99 1.7 1.0 "" "" 0.208
35 288.0 243.5 35.0 1320.0 1.0 "" "" 10.1 9.5 0.99 1.7 0.0 "" "" 0.05
36 288.0 1455.2 35.0 1320.0 1.0 "" "" 10.6 9.5 0.99 1.7 2.0 "" "" 1.873
37 288.0 178.4 35.0 1320.0 1.0 "" "" 68.0 9.5 0.99 1.7 2.0 "" "" 0.082
38 288.0 719.1 35.0 1320.0 1.0 "" "" 10.1 9.5 0.99 1.7 4.0 "" "" 0.927
39 288.0 795.7 35.0 1320.0 1.0 "" "" 11.8 9.5 0.99 1.7 1.0 "" "" 0.495
40 288.0 397.4 35.0 1320.0 1.0 "" "" 10.4 9.5 0.99 1.7 2.0 "" "" 0.347
41 288.0 350.3 35.0 1320.0 1.0 "" "" 18.2 9.5 0.99 1.7 2.0 "" "" 0.111
42 288.0 218.6 35.0 1320.0 1.0 "" "" 12.9 9.5 0.99 1.7 1.0 "" "" 0.092
43 288.0 332.3 35.0 1320.0 1.0 "" "" 29.6 9.5 0.99 1.7 3.0 "" "" 0.179
44 288.0 435.0 35.0 1320.0 1.0 "" "" 16.5 9.5 0.99 1.7 3.0 "" "" 0.256
45 288.0 568.2 35.0 1320.0 1.0 "" "" 11.9 9.5 0.99 1.7 1.0 "" "" 0.463
46 288.0 1062.3 35.0 1320.0 1.0 "" "" 18.1 9.5 0.99 1.7 1.0 "" "" 1.071
47 288.0 401.7 35.0 1320.0 1.0 "" "" 30.1 9.5 0.99 1.7 2.0 "" "" 0.293
48 288.0 589.2 35.0 1320.0 1.0 "" "" 13.1 9.5 0.99 1.7 1.0 "" "" 0.503
49 288.0 244.4 35.0 1320.0 1.0 "" "" 36.6 9.5 0.99 1.7 3.0 "" "" 0.014
50 288.0 223.5 35.0 1320.0 1.0 "" "" 193.2 9.5 0.99 1.7 3.0 "" "" 0.224
51 288.0 1308.0 35.0 1320.0 1.0 "" "" 10.3 9.5 0.99 1.7 2.0 "" "" 0.453
52 288.0 384.5 35.0 1320.0 1.0 "" "" 23.9 9.5 0.99 1.7 1.0 "" "" 0.286
53 288.0 678.3 35.0 1320.0 1.0 "" "" 10.5 9.5 0.99 1.7 3.0 "" "" 0.588
54 288.0 488.8 35.0 1320.0 1.0 "" "" 9.8 9.5 0.99 1.7 1.0 "" "" 0.333
55 288.0 418.4 35.0 1320.0 1.0 "" "" 12.0 9.5 0.99 1.7 2.0 "" "" 0.382
56 288.0 388.3 35.0 1320.0 1.0 "" "" 55.5 9.5 0.99 1.7 4.0 "" "" 0.354
57 288.0 479.7 35.0 1320.0 1.0 "" "" 55.6 9.5 0.99 1.7 2.0 "" "" 0.135
58 288.0 176.3 35.0 1320.0 1.0 "" "" 40.5 9.5 0.99 1.7 2.0 "" "" 0.078
59 288.0 328.3 35.0 1320.0 1.0 "" "" 16.8 9.5 0.99 1.7 1.0 "" "" 0.277
60 288.0 577.7 35.0 1320.0 1.0 "" "" 38.5 9.5 0.99 1.7 2.0 "" "" 0.683
61 288.0 509.6 35.0 1320.0 1.0 "" "" 11.7 9.5 0.99 1.7 0.0 "" "" 0.359
62 288.0 398.7 35.0 1320.0 1.0 "" "" 18.9 9.5 0.99 1.7 2.0 "" "" 0.483
63 288.0 691.3 35.0 1320.0 1.0 "" "" 20.8 9.5 0.99 1.7 2.0 "" "" 0.197
64 288.0 493.2 35.0 1320.0 1.0 "" "" 15.2 9.5 0.99 1.7 3.0 "" "" 0.374
65 288.0 350.9 35.0 1320.0 1.0 "" "" 93.5 9.5 0.99 1.7 3.0 "" "" 0.028
66 288.0 428.1 35.0 1320.0 1.0 "" "" 16.8 9.5 0.99 1.7 4.0 "" "" 0.435
67 288.0 801.0 35.0 1320.0 1.0 "" "" 16.2 9.5 0.99 1.7 4.0 "" "" 1.053
68 288.0 412.7 35.0 1320.0 1.0 "" "" 15.2 9.5 0.99 1.7 2.0 "" "" 0.172
69 288.0 907.4 35.0 1320.0 1.0 "" "" 26.8 9.5 0.99 1.7 1.0 "" "" 0.497
70 288.0 461.0 35.0 1320.0 1.0 "" "" 125.7 9.5 0.99 1.7 3.0 "" "" 0.272
71 288.0 943.3 35.0 1320.0 1.0 "" "" 16.8 9.5 0.99 1.7 3.0 "" "" 0.638
72 288.0 419.5 35.0 1320.0 1.0 "" "" 59.2 9.5 0.99 1.7 1.0 "" "" 0.234
73 288.0 187.7 35.0 1320.0 1.0 "" "" 168.5 9.5 0.99 1.7 2.0 "" "" 0.064
74 288.0 551.6 35.0 1320.0 1.0 "" "" 26.4 9.5 0.99 1.7 3.0 "" "" 0.459
75 288.0 276.6 35.0 1320.0 1.0 "" "" 25.6 9.5 0.99 1.7 0.0 "" "" 0.288
76 288.0 275.7 35.0 1320.0 1.0 "" "" 28.0 9.5 0.99 1.7 3.0 "" "" 0.141
77 288.0 421.4 35.0 1320.0 1.0 "" "" 13.7 9.5 0.99 1.7 1.0 "" "" 0.097
78 288.0 345.1 35.0 1320.0 1.0 "" "" 11.3 9.5 0.99 1.7 1.0 "" "" 0.222
79 288.0 476.7 35.0 1320.0 1.0 "" "" 15.6 9.5 0.99 1.7 3.0 "" "" 0.191
80 288.0 277.7 35.0 1320.0 1.0 "" "" 645.9 9.5 0.99 1.7 1.0 "" "" 0.055
81 288.0 411.0 35.0 1320.0 1.0 "" "" 12.3 9.5 0.99 1.7 2.0 "" "" 0.333
82 288.0 654.8 35.0 1320.0 1.0 "" "" 16.8 9.5 0.99 1.7 4.0 "" "" 0.06
83 288.0 440.5 35.0 1320.0 1.0 "" "" 20.4 9.5 0.99 1.7 0.0 "" "" 0.101
84 288.0 355.8 35.0 1320.0 1.0 "" "" 89.8 9.5 0.99 1.7 3.0 "" "" 0.184
85 288.0 627.5 35.0 1320.0 1.0 "" "" 13.5 9.5 0.99 1.7 5.0 "" "" 0.428
86 288.0 1497.3 35.0 1320.0 1.0 "" "" 10.1 9.5 0.99 1.7 3.0 "" "" 1.597
87 288.0 220.6 35.0 1320.0 1.0 "" "" 16.7 9.5 0.99 1.7 3.0 "" "" 0.127
88 288.0 219.8 35.0 1320.0 1.0 "" "" 10.2 9.5 0.99 1.7 1.0 "" "" 0.104
89 288.0 193.1 35.0 1320.0 1.0 "" "" 15.0 9.5 0.99 1.7 3.0 "" "" 0.127
90 288.0 532.5 35.0 1320.0 1.0 "" "" 13.4 9.5 0.99 1.7 2.0 "" "" 0.49
91 288.0 1473.7 35.0 1320.0 1.0 "" "" 12.6 9.5 0.99 1.7 3.0 "" "" 0.689
92 288.0 528.4 35.0 1320.0 1.0 "" "" 9.6 9.5 0.99 1.7 2.0 "" "" 0.256
93 288.0 886.6 35.0 1320.0 1.0 "" "" 10.3 9.5 0.99 1.7 1.0 "" "" 0.942
94 288.0 558.4 35.0 1320.0 1.0 "" "" 39.2 9.5 0.99 1.7 2.0 "" "" 0.827
95 288.0 751.5 35.0 1320.0 1.0 "" "" 19.6 9.5 0.99 1.7 2.0 "" "" 0.788
96 288.0 365.8 35.0 1320.0 1.0 "" "" 48.4 9.5 0.99 1.7 3.0 "" "" 0.071
97 288.0 442.8 35.0 1320.0 1.0 "" "" 10.4 9.5 0.99 1.7 2.0 "" "" 0.29
98 288.0 808.5 35.0 1320.0 1.0 "" "" 11.3 9.5 0.99 1.7 2.0 "" "" 0.421
99 288.0 1026.1 35.0 1320.0 1.0 "" "" 14.3 9.5 0.99 1.7 4.0 "" "" 1.304
100 288.0 186.7 35.0 1320.0 1.0 "" "" 15.9 9.5 0.99 1.7 2.0 "" "" 0.15
101 288.0 1179.5 35.0 1320.0 1.0 "" "" 26.0 9.5 0.99 1.7 1.0 "" "" 1.321
102 288.0 438.5 35.0 1320.0 1.0 "" "" 20.2 9.5 0.99 1.7 4.0 "" "" 0.062
103 288.0 315.3 35.0 1320.0 1.0 "" "" 17.9 9.5 0.99 1.7 1.0 "" "" 0.089
104 288.0 833.1 35.0 1320.0 1.0 "" "" 10.5 9.5 0.99 1.7 2.0 "" "" 0.949
105 288.0 595.3 35.0 1320.0 1.0 "" "" 32.8 9.5 0.99 1.7 2.0 "" "" 0.25
106 288.0 313.4 35.0 1320.0 1.0 "" "" 16.8 9.5 0.99 1.7 4.0 "" "" 0.37
107 288.0 568.5 35.0 1320.0 1.0 "" "" 13.1 9.5 0.99 1.7 2.0 "" "" 0.629
108 288.0 143.5 35.0 1320.0 1.0 "" "" 11.0 9.5 0.99 1.7 4.0 "" "" 0.026
109 288.0 743.4 35.0 1320.0 1.0 "" "" 12.6 9.5 0.99 1.7 3.0 "" "" 0.812
110 288.0 941.9 35.0 1320.0 1.0 "" "" 10.0 9.5 0.99 1.7 2.0 "" "" 0.755
111 288.0 460.5 35.0 1320.0 1.0 "" "" 10.7 9.5 0.99 1.7 2.0 "" "" 0.355
112 288.0 1271.8 35.0 1320.0 1.0 "" "" 12.1 9.5 0.99 1.7 2.0 "" "" 0.432
113 288.0 1308.6 35.0 1320.0 1.0 "" "" 15.7 9.5 0.99 1.7 2.0 "" "" 1.273
114 288.0 567.9 35.0 1320.0 1.0 "" "" 12.4 9.5 0.99 1.7 3.0 "" "" 0.608
115 288.0 410.5 35.0 1320.0 1.0 "" "" 84.7 9.5 0.99 1.7 2.0 "" "" 0.057
116 288.0 391.1 35.0 1320.0 1.0 "" "" 117.3 9.5 0.99 1.7 1.0 "" "" 0.251
117 288.0 1287.8 35.0 1320.0 1.0 "" "" 9.7 9.5 0.99 1.7 2.0 "" "" 1.592
118 288.0 634.8 35.0 1320.0 1.0 "" "" 15.9 9.5 0.99 1.7 2.0 "" "" 0.378
119 288.0 383.0 35.0 1320.0 1.0 "" "" 15.6 9.5 0.99 1.7 2.0 "" "" 0.176
120 288.0 372.7 35.0 1320.0 1.0 "" "" 16.2 9.5 0.99 1.7 2.0 "" "" 0.167
121 288.0 237.3 35.0 1320.0 1.0 "" "" 13.3 9.5 0.99 1.7 2.0 "" "" 0.041
122 288.0 478.8 35.0 1320.0 1.0 "" "" 27.0 9.5 0.99 1.7 2.0 "" "" 0.354
123 288.0 835.0 35.0 1320.0 1.0 "" "" 51.2 9.5 0.99 1.7 2.0 "" "" 0.735
124 288.0 282.6 35.0 1320.0 1.0 "" "" 10.6 9.5 0.99 1.7 3.0 "" "" 0.263
125 288.0 151.4 35.0 1320.0 1.0 "" "" 223.4 9.5 0.99 1.7 3.0 "" "" 0.046
126 288.0 819.9 35.0 1320.0 1.0 "" "" 13.1 9.5 0.99 1.7 4.0 "" "" 0.75
127 288.0 162.3 35.0 1320.0 1.0 "" "" 17.3 9.5 0.99 1.7 3.0 "" "" 0.138
128 288.0 371.1 35.0 1320.0 1.0 "" "" 25.0 9.5 0.99 1.7 1.0 "" "" 0.282
129 288.0 357.4 35.0 1320.0 1.0 "" "" 16.3 9.5 0.99 1.7 1.0 "" "" 0.262
130 288.0 331.8 35.0 1320.0 1.0 "" "" 40.2 9.5 0.99 1.7 3.0 "" "" 0.085
131 288.0 557.5 35.0 1320.0 1.0 "" "" 88.5 9.5 0.99 1.7 3.0 "" "" 0.289
132 288.0 818.5 35.0 1320.0 1.0 "" "" 9.8 9.5 0.99 1.7 3.0 "" "" 0.66
133 288.0 1257.6 35.0 1320.0 1.0 "" "" 22.4 9.5 0.99 1.7 3.0 "" "" 0.699
134 288.0 1116.3 35.0 1320.0 1.0 "" "" 11.6 9.5 0.99 1.7 2.0 "" "" 1.367
135 288.0 2259.2 35.0 1320.0 1.0 "" "" 12.3 9.5 0.99 1.7 3.0 "" "" 1.338
136 288.0 307.9 35.0 1320.0 1.0 "" "" 22.6 9.5 0.99 1.7 4.0 "" "" 0.243
137 288.0 1311.1 35.0 1320.0 1.0 "" "" 24.4 9.5 0.99 1.7 3.0 "" "" 1.712
138 288.0 848.2 35.0 1320.0 1.0 "" "" 11.6 9.5 0.99 1.7 2.0 "" "" 1.006
139 288.0 1060.6 35.0 1320.0 1.0 "" "" 10.6 9.5 0.99 1.7 3.0 "" "" 1.108
140 288.0 785.5 35.0 1320.0 1.0 "" "" 10.0 9.5 0.99 1.7 3.0 "" "" 0.164
141 288.0 484.9 35.0 1320.0 1.0 "" "" 11.7 9.5 0.99 1.7 0.0 "" "" 0.52
142 288.0 481.2 35.0 1320.0 1.0 "" "" 9.6 9.5 0.99 1.7 3.0 "" "" 0.424
143 288.0 484.7 35.0 1320.0 1.0 "" "" 14.9 9.5 0.99 1.7 3.0 "" "" 0.61
144 288.0 260.6 35.0 1320.0 1.0 "" "" 12.9 9.5 0.99 1.7 3.0 "" "" 0.054
145 288.0 393.8 35.0 1320.0 1.0 "" "" 12.7 9.5 0.99 1.7 4.0 "" "" 0.291
146 288.0 273.7 35.0 1320.0 1.0 "" "" 22.7 9.5 0.99 1.7 3.0 "" "" 0.182
147 288.0 534.4 35.0 1320.0 1.0 "" "" 21.0 9.5 0.99 1.7 3.0 "" "" 0.556
148 288.0 703.6 35.0 1320.0 1.0 "" "" 10.8 9.5 0.99 1.7 1.0 "" "" 0.195
149 288.0 335.9 35.0 1320.0 1.0 "" "" 18.5 9.5 0.99 1.7 3.0 "" "" 0.329
150 288.0 898.1 35.0 1320.0 1.0 "" "" 32.2 9.5 0.99 1.7 2.0 "" "" 0.718
151 288.0 582.2 35.0 1320.0 1.0 "" "" 13.8 9.5 0.99 1.7 3.0 "" "" 0.571
152 288.0 636.2 35.0 1320.0 1.0 "" "" 23.1 9.5 0.99 1.7 2.0 "" "" 0.441
153 288.0 735.7 35.0 1320.0 1.0 "" "" 27.7 9.5 0.99 1.7 2.0 "" "" 0.482
154 288.0 1405.0 35.0 1320.0 1.0 "" "" 11.4 9.5 0.99 1.7 4.0 "" "" 1.318
155 288.0 1083.0 35.0 1320.0 1.0 "" "" 19.3 9.5 0.99 1.7 3.0 "" "" 1.101
156 288.0 709.4 35.0 1320.0 1.0 "" "" 12.4 9.5 0.99 1.7 2.0 "" "" 0.58
157 288.0 1794.1 35.0 1320.0 1.0 "" "" 14.9 9.5 0.99 1.7 3.0 "" "" 1.849
158 288.0 736.2 35.0 1320.0 1.0 "" "" 11.0 9.5 0.99 1.7 2.0 "" "" 0.546
159 288.0 808.6 35.0 1320.0 1.0 "" "" 33.4 9.5 0.99 1.7 2.0 "" "" 0.472
160 288.0 352.0 35.0 1320.0 1.0 "" "" 16.0 9.5 0.99 1.7 3.0 "" "" 0.126
161 288.0 447.5 35.0 1320.0 1.0 "" "" 38.3 9.5 0.99 1.7 1.0 "" "" 0.543
162 288.0 1346.2 35.0 1320.0 1.0 "" "" 12.3 9.5 0.99 1.7 2.0 "" "" 1.567
163 288.0 428.3 35.0 1320.0 1.0 "" "" 12.3 9.5 0.99 1.7 2.0 "" "" 0.537
164 288.0 421.8 35.0 1320.0 1.0 "" "" 28.0 9.5 0.99 1.7 4.0 "" "" 0.018
165 288.0 602.3 35.0 1320.0 1.0 "" "" 16.3 9.5 0.99 1.7 2.0 "" "" 0.093
166 288.0 1110.1 35.0 1320.0 1.0 "" "" 94.0 9.5 0.99 1.7 3.0 "" "" 0.439
167 288.0 303.5 35.0 1320.0 1.0 "" "" 10.8 9.5 0.99 1.7 1.0 "" "" 0.137
168 288.0 799.7 35.0 1320.0 1.0 "" "" 18.8 9.5 0.99 1.7 3.0 "" "" 0.465
169 288.0 309.6 35.0 1320.0 1.0 "" "" 30.0 9.5 0.99 1.7 2.0 "" "" 0.159
170 288.0 3446.6 35.0 1320.0 1.0 "" "" 25.6 9.5 0.99 1.7 5.0 "" "" 0.08
171 288.0 721.5 35.0 1320.0 1.0 "" "" 25.8 9.5 0.99 1.7 2.0 "" "" 0.306
172 288.0 296.3 35.0 1320.0 1.0 "" "" 21.4 9.5 0.99 1.7 5.0 "" "" 0.134
173 288.0 573.2 35.0 1320.0 1.0 "" "" 19.6 9.5 0.99 1.7 2.0 "" "" 0.464
174 288.0 184.5 35.0 1320.0 1.0 "" "" 11.4 9.5 0.99 1.7 1.0 "" "" 0.063
175 288.0 580.0 35.0 1320.0 1.0 "" "" 15.6 9.5 0.99 1.7 0.0 "" "" 0.632
176 288.0 754.0 35.0 1320.0 1.0 "" "" 9.6 9.5 0.99 1.7 1.0 "" "" 0.103
177 288.0 391.9 35.0 1320.0 1.0 "" "" 11.2 9.5 0.99 1.7 1.0 "" "" 0.43
178 288.0 282.0 35.0 1320.0 1.0 "" "" 21.7 9.5 0.99 1.7 3.0 "" "" 0.073
179 288.0 548.7 35.0 1320.0 1.0 "" "" 25.8 9.5 0.99 1.7 4.0 "" "" 0.35
180 288.0 449.7 35.0 1320.0 1.0 "" "" 12.6 9.5 0.99 1.7 3.0 "" "" 0.019
181 288.0 187.9 35.0 1320.0 1.0 "" "" 40.8 9.5 0.99 1.7 2.0 "" "" 0.052
182 288.0 522.1 35.0 1320.0 1.0 "" "" 11.8 9.5 0.99 1.7 2.0 "" "" 0.353
183 288.0 233.3 35.0 1320.0 1.0 "" "" 85.5 9.5 0.99 1.7 2.0 "" "" 0.081
184 288.0 923.9 35.0 1320.0 1.0 "" "" 9.9 9.5 0.99 1.7 2.0 "" "" 0.961
185 288.0 568.1 35.0 1320.0 1.0 "" "" 15.9 9.5 0.99 1.7 5.0 "" "" 0.295
186 288.0 1327.1 35.0 1320.0 1.0 "" "" 18.6 9.5 0.99 1.7 2.0 "" "" 0.437
187 288.0 901.0 35.0 1320.0 1.0 "" "" 39.8 9.5 0.99 1.7 2.0 "" "" 0.744
188 288.0 776.9 35.0 1320.0 1.0 "" "" 14.5 9.5 0.99 1.7 2.0 "" "" 0.786
189 288.0 359.8 35.0 1320.0 1.0 "" "" 46.4 9.5 0.99 1.7 1.0 "" "" 0.372
190 288.0 733.7 35.0 1320.0 1.0 "" "" 18.7 9.5 0.99 1.7 2.0 "" "" 0.633
191 288.0 685.6 35.0 1320.0 1.0 "" "" 9.8 9.5 0.99 1.7 3.0 "" "" 0.765
192 288.0 568.9 35.0 1320.0 1.0 "" "" 14.8 9.5 0.99 1.7 3.0 "" "" 0.644
193 288.0 398.7 35.0 1320.0 1.0 "" "" 23.3 9.5 0.99 1.7 3.0 "" "" 0.239
194 288.0 664.2 35.0 1320.0 1.0 "" "" 15.8 9.5 0.99 1.7 3.0 "" "" 0.495
195 288.0 326.6 35.0 1320.0 1.0 "" "" 14.2 9.5 0.99 1.7 1.0 "" "" 0.251
196 288.0 726.0 35.0 1320.0 1.0 "" "" 23.7 9.5 0.99 1.7 5.0 "" "" 0.089
197 288.0 342.1 35.0 1320.0 1.0 "" "" 48.2 9.5 0.99 1.7 2.0 "" "" 0.029
198 288.0 376.5 35.0 1320.0 1.0 "" "" 47.9 9.5 0.99 1.7 1.0 "" "" 0.279
199 288.0 271.9 35.0 1320.0 1.0 "" "" 18.9 9.5 0.99 1.7 2.0 "" "" 0.237
200 288.0 226.2 35.0 1320.0 1.0 "" "" 25.8 9.5 0.99 1.7 2.0 "" "" 0.036
201 288.0 636.8 35.0 1320.0 1.0 "" "" 18.9 9.5 0.99 1.7 1.0 "" "" 0.069
202 288.0 1305.4 35.0 1320.0 1.0 "" "" 13.6 9.5 0.99 1.7 1.0 "" "" 1.562
203 288.0 1160.6 35.0 1320.0 1.0 "" "" 11.9 9.5 0.99 1.7 3.0 "" "" 0.743
204 288.0 393.9 35.0 1320.0 1.0 "" "" 67.2 9.5 0.99 1.7 2.0 "" "" 0.118
205 288.0 208.4 35.0 1320.0 1.0 "" "" 9.9 9.5 0.99 1.7 2.0 "" "" 0.2
206 288.0 747.5 35.0 1320.0 1.0 "" "" 28.0 9.5 0.99 1.7 2.0 "" "" 0.232
207 288.0 544.7 35.0 1320.0 1.0 "" "" 14.1 9.5 0.99 1.7 2.0 "" "" 0.397
208 288.0 208.3 35.0 1320.0 1.0 "" "" 25.2 9.5 0.99 1.7 2.0 "" "" 0.125
209 288.0 647.3 35.0 1320.0 1.0 "" "" 10.2 9.5 0.99 1.7 2.0 "" "" 0.658
210 288.0 942.2 35.0 1320.0 1.0 "" "" 10.9 9.5 0.99 1.7 2.0 "" "" 0.343
211 288.0 512.8 35.0 1320.0 1.0 "" "" 24.3 9.5 0.99 1.7 2.0 "" "" 0.053
212 288.0 407.9 35.0 1320.0 1.0 "" "" 23.2 9.5 0.99 1.7 1.0 "" "" 0.102
213 288.0 519.0 35.0 1320.0 1.0 "" "" 13.9 9.5 0.99 1.7 2.0 "" "" 0.377
214 288.0 1342.6 35.0 1320.0 1.0 "" "" 10.9 9.5 0.99 1.7 2.0 "" "" 0.707
215 288.0 424.8 35.0 1320.0 1.0 "" "" 18.1 9.5 0.99 1.7 4.0 "" "" 0.23
216 288.0 621.2 35.0 1320.0 1.0 "" "" 16.0 9.5 0.99 1.7 3.0 "" "" 0.79
217 288.0 655.3 35.0 1320.0 1.0 "" "" 16.5 9.5 0.99 1.7 2.0 "" "" 0.588
218 288.0 2215.0 35.0 1320.0 1.0 "" "" 19.1 9.5 0.99 1.7 3.0 "" "" 0.08
219 288.0 716.7 35.0 1320.0 1.0 "" "" 41.8 9.5 0.99 1.7 2.0 "" "" 0.683
220 288.0 294.3 35.0 1320.0 1.0 "" "" 22.7 9.5 0.99 1.7 4.0 "" "" 0.197
221 288.0 690.7 35.0 1320.0 1.0 "" "" 20.4 9.5 0.99 1.7 2.0 "" "" 0.703
222 288.0 794.9 35.0 1320.0 1.0 "" "" 33.2 9.5 0.99 1.7 2.0 "" "" 0.048
