zdm/craco/MC_F/Surveys/F_0.32_survey.ecsv
# %ECSV 0.9
# ---
# datatype:
# - {name: TNS, datatype: string}
# - {name: BW, datatype: float64}
# - {name: DM, datatype: float64}
# - {name: DMG, datatype: float64}
# - {name: FBAR, datatype: float64}
# - {name: FRES, datatype: float64}
# - {name: Gb, datatype: object}
# - {name: Gl, datatype: object}
# - {name: SNR, datatype: float64}
# - {name: SNRTHRESH, datatype: float64}
# - {name: THRESH, datatype: float64}
# - {name: TRES, datatype: float64}
# - {name: WIDTH, datatype: float64}
# - {name: XDec, datatype: object}
# - {name: XRA, datatype: object}
# - {name: Z, datatype: float64}
# meta: !!omap
# - {survey_data: "{\n    \"observing\": {\n        \"NORM_FRB\": 1000,\n        \"TOBS\": 96.65\n    },\n    \"telescope\": {\n     \
#     \   \"BEAM\": \"lat50_log\",\n        \"DIAM\": 12.0,\n        \"NBEAMS\": 36\n    }\n}"}
# schema: astropy-2.0
TNS BW DM DMG FBAR FRES Gb Gl SNR SNRTHRESH THRESH TRES WIDTH XDec XRA Z
[from data line 891]
891 288.0 807.2 35.0 1320.0 1.0 "" "" 10.5 9.5 0.99 1.7 2.0 "" "" 0.785
892 288.0 438.7 35.0 1320.0 1.0 "" "" 14.2 9.5 0.99 1.7 4.0 "" "" 0.478
893 288.0 175.2 35.0 1320.0 1.0 "" "" 17.4 9.5 0.99 1.7 1.0 "" "" 0.023
894 288.0 350.0 35.0 1320.0 1.0 "" "" 12.3 9.5 0.99 1.7 3.0 "" "" 0.313
895 288.0 1865.2 35.0 1320.0 1.0 "" "" 10.4 9.5 0.99 1.7 2.0 "" "" 1.939
896 288.0 560.0 35.0 1320.0 1.0 "" "" 18.4 9.5 0.99 1.7 2.0 "" "" 0.468
897 288.0 198.2 35.0 1320.0 1.0 "" "" 233.6 9.5 0.99 1.7 2.0 "" "" 0.039
898 288.0 585.4 35.0 1320.0 1.0 "" "" 11.1 9.5 0.99 1.7 2.0 "" "" 0.667
899 288.0 347.7 35.0 1320.0 1.0 "" "" 13.7 9.5 0.99 1.7 2.0 "" "" 0.258
900 288.0 756.3 35.0 1320.0 1.0 "" "" 10.6 9.5 0.99 1.7 1.0 "" "" 0.889
901 288.0 210.4 35.0 1320.0 1.0 "" "" 11.4 9.5 0.99 1.7 0.0 "" "" 0.01
902 288.0 656.0 35.0 1320.0 1.0 "" "" 10.1 9.5 0.99 1.7 4.0 "" "" 0.508
903 288.0 1539.0 35.0 1320.0 1.0 "" "" 15.9 9.5 0.99 1.7 2.0 "" "" 2.03
904 288.0 137.6 35.0 1320.0 1.0 "" "" 14.6 9.5 0.99 1.7 2.0 "" "" 0.016
905 288.0 480.9 35.0 1320.0 1.0 "" "" 45.1 9.5 0.99 1.7 2.0 "" "" 0.081
906 288.0 506.7 35.0 1320.0 1.0 "" "" 42.2 9.5 0.99 1.7 2.0 "" "" 0.425
907 288.0 479.0 35.0 1320.0 1.0 "" "" 13.5 9.5 0.99 1.7 4.0 "" "" 0.264
908 288.0 910.5 35.0 1320.0 1.0 "" "" 12.0 9.5 0.99 1.7 1.0 "" "" 1.062
909 288.0 764.0 35.0 1320.0 1.0 "" "" 25.4 9.5 0.99 1.7 1.0 "" "" 1.017
910 288.0 358.5 35.0 1320.0 1.0 "" "" 43.9 9.5 0.99 1.7 4.0 "" "" 0.041
911 288.0 100.5 35.0 1320.0 1.0 "" "" 92.1 9.5 0.99 1.7 3.0 "" "" 0.007
912 288.0 403.5 35.0 1320.0 1.0 "" "" 13.4 9.5 0.99 1.7 2.0 "" "" 0.327
913 288.0 349.2 35.0 1320.0 1.0 "" "" 32.6 9.5 0.99 1.7 4.0 "" "" 0.161
914 288.0 1399.6 35.0 1320.0 1.0 "" "" 9.7 9.5 0.99 1.7 0.0 "" "" 0.97
915 288.0 130.8 35.0 1320.0 1.0 "" "" 27.4 9.5 0.99 1.7 2.0 "" "" 0.049
916 288.0 184.5 35.0 1320.0 1.0 "" "" 10.6 9.5 0.99 1.7 4.0 "" "" 0.092
917 288.0 553.7 35.0 1320.0 1.0 "" "" 10.1 9.5 0.99 1.7 3.0 "" "" 0.241
918 288.0 465.2 35.0 1320.0 1.0 "" "" 25.5 9.5 0.99 1.7 2.0 "" "" 0.547
919 288.0 627.3 35.0 1320.0 1.0 "" "" 31.8 9.5 0.99 1.7 2.0 "" "" 0.41
920 288.0 629.9 35.0 1320.0 1.0 "" "" 77.8 9.5 0.99 1.7 4.0 "" "" 0.01
921 288.0 779.1 35.0 1320.0 1.0 "" "" 60.8 9.5 0.99 1.7 2.0 "" "" 0.449
922 288.0 511.7 35.0 1320.0 1.0 "" "" 12.0 9.5 0.99 1.7 2.0 "" "" 0.154
923 288.0 224.6 35.0 1320.0 1.0 "" "" 51.8 9.5 0.99 1.7 3.0 "" "" 0.012
924 288.0 389.8 35.0 1320.0 1.0 "" "" 42.0 9.5 0.99 1.7 3.0 "" "" 0.122
925 288.0 661.0 35.0 1320.0 1.0 "" "" 15.7 9.5 0.99 1.7 2.0 "" "" 0.818
926 288.0 993.1 35.0 1320.0 1.0 "" "" 11.5 9.5 0.99 1.7 3.0 "" "" 0.237
927 288.0 1479.7 35.0 1320.0 1.0 "" "" 9.7 9.5 0.99 1.7 3.0 "" "" 1.498
928 288.0 476.2 35.0 1320.0 1.0 "" "" 22.0 9.5 0.99 1.7 3.0 "" "" 0.517
929 288.0 414.2 35.0 1320.0 1.0 "" "" 37.4 9.5 0.99 1.7 3.0 "" "" 0.17
930 288.0 319.1 35.0 1320.0 1.0 "" "" 15.1 9.5 0.99 1.7 2.0 "" "" 0.201
931 288.0 1336.7 35.0 1320.0 1.0 "" "" 10.8 9.5 0.99 1.7 3.0 "" "" 1.526
932 288.0 1027.7 35.0 1320.0 1.0 "" "" 13.1 9.5 0.99 1.7 3.0 "" "" 1.055
933 288.0 545.3 35.0 1320.0 1.0 "" "" 26.9 9.5 0.99 1.7 3.0 "" "" 0.388
934 288.0 369.4 35.0 1320.0 1.0 "" "" 10.7 9.5 0.99 1.7 1.0 "" "" 0.01
935 288.0 168.6 35.0 1320.0 1.0 "" "" 29.4 9.5 0.99 1.7 2.0 "" "" 0.003
936 288.0 1013.5 35.0 1320.0 1.0 "" "" 13.2 9.5 0.99 1.7 2.0 "" "" 1.012
937 288.0 254.8 35.0 1320.0 1.0 "" "" 14.9 9.5 0.99 1.7 3.0 "" "" 0.184
938 288.0 1715.0 35.0 1320.0 1.0 "" "" 12.1 9.5 0.99 1.7 2.0 "" "" 2.012
939 288.0 2046.3 35.0 1320.0 1.0 "" "" 13.0 9.5 0.99 1.7 0.0 "" "" 1.186
940 288.0 194.4 35.0 1320.0 1.0 "" "" 35.6 9.5 0.99 1.7 2.0 "" "" 0.031
941 288.0 235.0 35.0 1320.0 1.0 "" "" 149.4 9.5 0.99 1.7 3.0 "" "" 0.218
942 288.0 636.0 35.0 1320.0 1.0 "" "" 12.9 9.5 0.99 1.7 3.0 "" "" 0.467
943 288.0 260.7 35.0 1320.0 1.0 "" "" 15.2 9.5 0.99 1.7 3.0 "" "" 0.118
944 288.0 923.6 35.0 1320.0 1.0 "" "" 18.1 9.5 0.99 1.7 3.0 "" "" 0.803
945 288.0 913.5 35.0 1320.0 1.0 "" "" 24.7 9.5 0.99 1.7 1.0 "" "" 1.208
946 288.0 200.0 35.0 1320.0 1.0 "" "" 11.0 9.5 0.99 1.7 3.0 "" "" 0.155
947 288.0 363.2 35.0 1320.0 1.0 "" "" 12.0 9.5 0.99 1.7 3.0 "" "" 0.386
948 288.0 324.1 35.0 1320.0 1.0 "" "" 22.7 9.5 0.99 1.7 1.0 "" "" 0.178
949 288.0 497.9 35.0 1320.0 1.0 "" "" 24.1 9.5 0.99 1.7 3.0 "" "" 0.549
950 288.0 464.8 35.0 1320.0 1.0 "" "" 10.6 9.5 0.99 1.7 4.0 "" "" 0.503
951 288.0 897.2 35.0 1320.0 1.0 "" "" 19.2 9.5 0.99 1.7 3.0 "" "" 0.893
952 288.0 243.3 35.0 1320.0 1.0 "" "" 12.5 9.5 0.99 1.7 2.0 "" "" 0.111
953 288.0 340.6 35.0 1320.0 1.0 "" "" 9.9 9.5 0.99 1.7 2.0 "" "" 0.173
954 288.0 239.4 35.0 1320.0 1.0 "" "" 11.0 9.5 0.99 1.7 3.0 "" "" 0.24
955 288.0 672.0 35.0 1320.0 1.0 "" "" 12.1 9.5 0.99 1.7 3.0 "" "" 0.618
956 288.0 918.3 35.0 1320.0 1.0 "" "" 19.9 9.5 0.99 1.7 3.0 "" "" 0.45
957 288.0 351.4 35.0 1320.0 1.0 "" "" 27.7 9.5 0.99 1.7 3.0 "" "" 0.394
958 288.0 865.6 35.0 1320.0 1.0 "" "" 10.3 9.5 0.99 1.7 0.0 "" "" 1.064
959 288.0 1634.9 35.0 1320.0 1.0 "" "" 15.9 9.5 0.99 1.7 3.0 "" "" 1.946
960 288.0 375.6 35.0 1320.0 1.0 "" "" 9.6 9.5 0.99 1.7 1.0 "" "" 0.255
961 288.0 1282.2 35.0 1320.0 1.0 "" "" 12.7 9.5 0.99 1.7 3.0 "" "" 1.503
962 288.0 810.4 35.0 1320.0 1.0 "" "" 22.6 9.5 0.99 1.7 3.0 "" "" 0.109
963 288.0 1615.8 35.0 1320.0 1.0 "" "" 14.0 9.5 0.99 1.7 4.0 "" "" 0.363
964 288.0 410.2 35.0 1320.0 1.0 "" "" 14.9 9.5 0.99 1.7 2.0 "" "" 0.229
965 288.0 322.5 35.0 1320.0 1.0 "" "" 37.2 9.5 0.99 1.7 4.0 "" "" 0.171
966 288.0 807.4 35.0 1320.0 1.0 "" "" 20.6 9.5 0.99 1.7 3.0 "" "" 0.926
967 288.0 809.0 35.0 1320.0 1.0 "" "" 15.2 9.5 0.99 1.7 3.0 "" "" 0.973
968 288.0 200.8 35.0 1320.0 1.0 "" "" 40.9 9.5 0.99 1.7 1.0 "" "" 0.017
969 288.0 624.5 35.0 1320.0 1.0 "" "" 29.0 9.5 0.99 1.7 3.0 "" "" 0.608
970 288.0 765.5 35.0 1320.0 1.0 "" "" 27.9 9.5 0.99 1.7 3.0 "" "" 0.903
971 288.0 723.4 35.0 1320.0 1.0 "" "" 18.6 9.5 0.99 1.7 2.0 "" "" 0.748
972 288.0 1077.4 35.0 1320.0 1.0 "" "" 17.1 9.5 0.99 1.7 2.0 "" "" 0.677
973 288.0 817.6 35.0 1320.0 1.0 "" "" 11.1 9.5 0.99 1.7 4.0 "" "" 0.672
974 288.0 1497.4 35.0 1320.0 1.0 "" "" 10.0 9.5 0.99 1.7 4.0 "" "" 1.515
975 288.0 569.8 35.0 1320.0 1.0 "" "" 57.6 9.5 0.99 1.7 3.0 "" "" 0.124
976 288.0 510.3 35.0 1320.0 1.0 "" "" 33.4 9.5 0.99 1.7 2.0 "" "" 0.48
977 288.0 452.5 35.0 1320.0 1.0 "" "" 10.3 9.5 0.99 1.7 4.0 "" "" 0.265
978 288.0 975.6 35.0 1320.0 1.0 "" "" 11.2 9.5 0.99 1.7 3.0 "" "" 1.173
979 288.0 496.8 35.0 1320.0 1.0 "" "" 55.7 9.5 0.99 1.7 1.0 "" "" 0.375
980 288.0 199.7 35.0 1320.0 1.0 "" "" 9.9 9.5 0.99 1.7 3.0 "" "" 0.038
981 288.0 806.6 35.0 1320.0 1.0 "" "" 14.6 9.5 0.99 1.7 2.0 "" "" 0.794
982 288.0 642.3 35.0 1320.0 1.0 "" "" 13.4 9.5 0.99 1.7 3.0 "" "" 0.439
983 288.0 959.5 35.0 1320.0 1.0 "" "" 16.6 9.5 0.99 1.7 0.0 "" "" 0.787
984 288.0 396.7 35.0 1320.0 1.0 "" "" 21.8 9.5 0.99 1.7 3.0 "" "" 0.33
985 288.0 142.1 35.0 1320.0 1.0 "" "" 21.8 9.5 0.99 1.7 3.0 "" "" 0.043
986 288.0 376.1 35.0 1320.0 1.0 "" "" 19.0 9.5 0.99 1.7 1.0 "" "" 0.219
987 288.0 1077.2 35.0 1320.0 1.0 "" "" 35.2 9.5 0.99 1.7 1.0 "" "" 1.389
988 288.0 632.7 35.0 1320.0 1.0 "" "" 11.9 9.5 0.99 1.7 0.0 "" "" 0.475
989 288.0 330.1 35.0 1320.0 1.0 "" "" 11.7 9.5 0.99 1.7 3.0 "" "" 0.163
990 288.0 247.1 35.0 1320.0 1.0 "" "" 18.0 9.5 0.99 1.7 3.0 "" "" 0.152
991 288.0 140.6 35.0 1320.0 1.0 "" "" 20.3 9.5 0.99 1.7 3.0 "" "" 0.019
992 288.0 578.6 35.0 1320.0 1.0 "" "" 53.0 9.5 0.99 1.7 1.0 "" "" 0.301
993 288.0 230.2 35.0 1320.0 1.0 "" "" 10.1 9.5 0.99 1.7 2.0 "" "" 0.125
994 288.0 420.1 35.0 1320.0 1.0 "" "" 18.6 9.5 0.99 1.7 3.0 "" "" 0.135
995 288.0 579.4 35.0 1320.0 1.0 "" "" 14.9 9.5 0.99 1.7 1.0 "" "" 0.36
996 288.0 1031.4 35.0 1320.0 1.0 "" "" 14.7 9.5 0.99 1.7 2.0 "" "" 1.19
997 288.0 391.9 35.0 1320.0 1.0 "" "" 20.3 9.5 0.99 1.7 5.0 "" "" 0.147
998 288.0 341.4 35.0 1320.0 1.0 "" "" 79.0 9.5 0.99 1.7 1.0 "" "" 0.267
999 288.0 442.7 35.0 1320.0 1.0 "" "" 14.0 9.5 0.99 1.7 3.0 "" "" 0.433
