zdm/craco/MC_F/Surveys/F_0.32_survey.ecsv
# %ECSV 0.9
# ---
# datatype:
# - {name: TNS, datatype: string}
# - {name: BW, datatype: float64}
# - {name: DM, datatype: float64}
# - {name: DMG, datatype: float64}
# - {name: FBAR, datatype: float64}
# - {name: FRES, datatype: float64}
# - {name: Gb, datatype: object}
# - {name: Gl, datatype: object}
# - {name: SNR, datatype: float64}
# - {name: SNRTHRESH, datatype: float64}
# - {name: THRESH, datatype: float64}
# - {name: TRES, datatype: float64}
# - {name: WIDTH, datatype: float64}
# - {name: XDec, datatype: object}
# - {name: XRA, datatype: object}
# - {name: Z, datatype: float64}
# meta: !!omap
# - {survey_data: "{\n    \"observing\": {\n        \"NORM_FRB\": 1000,\n        \"TOBS\": 96.65\n    },\n    \"telescope\": {\n     \
#     \   \"BEAM\": \"lat50_log\",\n        \"DIAM\": 12.0,\n        \"NBEAMS\": 36\n    }\n}"}
# schema: astropy-2.0
TNS BW DM DMG FBAR FRES Gb Gl SNR SNRTHRESH THRESH TRES WIDTH XDec XRA Z
[from data line 224]
224 288.0 676.6 35.0 1320.0 1.0 "" "" 11.3 9.5 0.99 1.7 2.0 "" "" 0.153
225 288.0 458.6 35.0 1320.0 1.0 "" "" 92.5 9.5 0.99 1.7 3.0 "" "" 0.467
226 288.0 508.2 35.0 1320.0 1.0 "" "" 15.3 9.5 0.99 1.7 3.0 "" "" 0.432
227 288.0 1294.8 35.0 1320.0 1.0 "" "" 10.6 9.5 0.99 1.7 2.0 "" "" 1.343
228 288.0 666.7 35.0 1320.0 1.0 "" "" 22.5 9.5 0.99 1.7 0.0 "" "" 0.579
229 288.0 178.7 35.0 1320.0 1.0 "" "" 22.7 9.5 0.99 1.7 3.0 "" "" 0.054
230 288.0 154.3 35.0 1320.0 1.0 "" "" 31.8 9.5 0.99 1.7 3.0 "" "" 0.039
231 288.0 790.1 35.0 1320.0 1.0 "" "" 9.8 9.5 0.99 1.7 2.0 "" "" 1.095
232 288.0 625.4 35.0 1320.0 1.0 "" "" 11.2 9.5 0.99 1.7 3.0 "" "" 0.622
233 288.0 448.6 35.0 1320.0 1.0 "" "" 14.1 9.5 0.99 1.7 1.0 "" "" 0.272
234 288.0 351.6 35.0 1320.0 1.0 "" "" 28.0 9.5 0.99 1.7 1.0 "" "" 0.212
235 288.0 532.9 35.0 1320.0 1.0 "" "" 14.2 9.5 0.99 1.7 2.0 "" "" 0.502
236 288.0 146.4 35.0 1320.0 1.0 "" "" 25.9 9.5 0.99 1.7 2.0 "" "" 0.026
237 288.0 363.8 35.0 1320.0 1.0 "" "" 12.5 9.5 0.99 1.7 1.0 "" "" 0.317
238 288.0 235.7 35.0 1320.0 1.0 "" "" 47.5 9.5 0.99 1.7 3.0 "" "" 0.182
239 288.0 394.0 35.0 1320.0 1.0 "" "" 15.3 9.5 0.99 1.7 4.0 "" "" 0.356
240 288.0 1055.4 35.0 1320.0 1.0 "" "" 27.4 9.5 0.99 1.7 1.0 "" "" 0.935
241 288.0 212.1 35.0 1320.0 1.0 "" "" 10.6 9.5 0.99 1.7 2.0 "" "" 0.148
242 288.0 2097.3 35.0 1320.0 1.0 "" "" 9.9 9.5 0.99 1.7 1.0 "" "" 2.036
243 288.0 440.9 35.0 1320.0 1.0 "" "" 13.3 9.5 0.99 1.7 2.0 "" "" 0.405
244 288.0 677.6 35.0 1320.0 1.0 "" "" 16.1 9.5 0.99 1.7 3.0 "" "" 0.31
245 288.0 339.0 35.0 1320.0 1.0 "" "" 10.6 9.5 0.99 1.7 1.0 "" "" 0.042
246 288.0 270.0 35.0 1320.0 1.0 "" "" 12.0 9.5 0.99 1.7 4.0 "" "" 0.033
247 288.0 430.7 35.0 1320.0 1.0 "" "" 15.2 9.5 0.99 1.7 2.0 "" "" 0.464
248 288.0 2151.2 35.0 1320.0 1.0 "" "" 25.4 9.5 0.99 1.7 1.0 "" "" 0.622
249 288.0 445.0 35.0 1320.0 1.0 "" "" 14.0 9.5 0.99 1.7 4.0 "" "" 0.301
250 288.0 326.7 35.0 1320.0 1.0 "" "" 16.6 9.5 0.99 1.7 3.0 "" "" 0.229
251 288.0 756.5 35.0 1320.0 1.0 "" "" 12.1 9.5 0.99 1.7 4.0 "" "" 0.619
252 288.0 474.3 35.0 1320.0 1.0 "" "" 11.6 9.5 0.99 1.7 4.0 "" "" 0.136
253 288.0 301.1 35.0 1320.0 1.0 "" "" 24.9 9.5 0.99 1.7 3.0 "" "" 0.08
254 288.0 251.3 35.0 1320.0 1.0 "" "" 34.5 9.5 0.99 1.7 3.0 "" "" 0.19
255 288.0 215.4 35.0 1320.0 1.0 "" "" 66.6 9.5 0.99 1.7 2.0 "" "" 0.152
256 288.0 688.1 35.0 1320.0 1.0 "" "" 11.4 9.5 0.99 1.7 2.0 "" "" 0.562
257 288.0 395.1 35.0 1320.0 1.0 "" "" 19.7 9.5 0.99 1.7 4.0 "" "" 0.234
258 288.0 1602.7 35.0 1320.0 1.0 "" "" 20.4 9.5 0.99 1.7 2.0 "" "" 1.216
259 288.0 409.3 35.0 1320.0 1.0 "" "" 14.4 9.5 0.99 1.7 3.0 "" "" 0.196
260 288.0 785.5 35.0 1320.0 1.0 "" "" 25.5 9.5 0.99 1.7 2.0 "" "" 0.821
261 288.0 1411.5 35.0 1320.0 1.0 "" "" 10.5 9.5 0.99 1.7 2.0 "" "" 0.908
262 288.0 365.7 35.0 1320.0 1.0 "" "" 29.0 9.5 0.99 1.7 1.0 "" "" 0.208
263 288.0 809.8 35.0 1320.0 1.0 "" "" 10.1 9.5 0.99 1.7 3.0 "" "" 0.106
264 288.0 377.8 35.0 1320.0 1.0 "" "" 13.8 9.5 0.99 1.7 2.0 "" "" 0.139
265 288.0 422.9 35.0 1320.0 1.0 "" "" 12.2 9.5 0.99 1.7 1.0 "" "" 0.423
266 288.0 295.9 35.0 1320.0 1.0 "" "" 21.9 9.5 0.99 1.7 2.0 "" "" 0.215
267 288.0 199.7 35.0 1320.0 1.0 "" "" 39.4 9.5 0.99 1.7 2.0 "" "" 0.161
268 288.0 456.5 35.0 1320.0 1.0 "" "" 12.2 9.5 0.99 1.7 2.0 "" "" 0.21
269 288.0 587.6 35.0 1320.0 1.0 "" "" 10.8 9.5 0.99 1.7 3.0 "" "" 0.055
270 288.0 275.5 35.0 1320.0 1.0 "" "" 10.2 9.5 0.99 1.7 2.0 "" "" 0.096
271 288.0 386.9 35.0 1320.0 1.0 "" "" 18.2 9.5 0.99 1.7 1.0 "" "" 0.053
272 288.0 1319.3 35.0 1320.0 1.0 "" "" 10.1 9.5 0.99 1.7 2.0 "" "" 1.418
273 288.0 629.7 35.0 1320.0 1.0 "" "" 26.0 9.5 0.99 1.7 2.0 "" "" 0.741
274 288.0 157.7 35.0 1320.0 1.0 "" "" 21.4 9.5 0.99 1.7 2.0 "" "" 0.024
275 288.0 722.1 35.0 1320.0 1.0 "" "" 27.7 9.5 0.99 1.7 4.0 "" "" 0.616
276 288.0 775.6 35.0 1320.0 1.0 "" "" 22.5 9.5 0.99 1.7 3.0 "" "" 0.609
277 288.0 476.8 35.0 1320.0 1.0 "" "" 9.8 9.5 0.99 1.7 3.0 "" "" 0.393
278 288.0 823.4 35.0 1320.0 1.0 "" "" 12.4 9.5 0.99 1.7 2.0 "" "" 0.801
279 288.0 709.3 35.0 1320.0 1.0 "" "" 17.7 9.5 0.99 1.7 3.0 "" "" 0.796
280 288.0 765.4 35.0 1320.0 1.0 "" "" 9.9 9.5 0.99 1.7 1.0 "" "" 1.032
281 288.0 1306.7 35.0 1320.0 1.0 "" "" 28.2 9.5 0.99 1.7 3.0 "" "" 0.336
282 288.0 253.7 35.0 1320.0 1.0 "" "" 36.1 9.5 0.99 1.7 3.0 "" "" 0.066
283 288.0 762.3 35.0 1320.0 1.0 "" "" 10.5 9.5 0.99 1.7 4.0 "" "" 0.667
284 288.0 618.1 35.0 1320.0 1.0 "" "" 12.9 9.5 0.99 1.7 2.0 "" "" 0.586
285 288.0 1062.3 35.0 1320.0 1.0 "" "" 71.5 9.5 0.99 1.7 0.0 "" "" 0.792
286 288.0 578.1 35.0 1320.0 1.0 "" "" 17.7 9.5 0.99 1.7 2.0 "" "" 0.532
287 288.0 679.1 35.0 1320.0 1.0 "" "" 12.4 9.5 0.99 1.7 2.0 "" "" 0.338
288 288.0 330.7 35.0 1320.0 1.0 "" "" 75.1 9.5 0.99 1.7 3.0 "" "" 0.363
289 288.0 312.7 35.0 1320.0 1.0 "" "" 13.9 9.5 0.99 1.7 4.0 "" "" 0.059
290 288.0 165.8 35.0 1320.0 1.0 "" "" 16.7 9.5 0.99 1.7 1.0 "" "" 0.022
291 288.0 1139.2 35.0 1320.0 1.0 "" "" 18.3 9.5 0.99 1.7 2.0 "" "" 1.241
292 288.0 320.1 35.0 1320.0 1.0 "" "" 88.2 9.5 0.99 1.7 2.0 "" "" 0.29
293 288.0 700.6 35.0 1320.0 1.0 "" "" 13.4 9.5 0.99 1.7 2.0 "" "" 0.921
294 288.0 246.4 35.0 1320.0 1.0 "" "" 23.4 9.5 0.99 1.7 3.0 "" "" 0.123
295 288.0 283.5 35.0 1320.0 1.0 "" "" 16.0 9.5 0.99 1.7 0.0 "" "" 0.085
296 288.0 406.3 35.0 1320.0 1.0 "" "" 12.0 9.5 0.99 1.7 0.0 "" "" 0.275
297 288.0 1543.3 35.0 1320.0 1.0 "" "" 9.7 9.5 0.99 1.7 3.0 "" "" 1.742
298 288.0 511.2 35.0 1320.0 1.0 "" "" 18.6 9.5 0.99 1.7 2.0 "" "" 0.268
299 288.0 271.5 35.0 1320.0 1.0 "" "" 9.9 9.5 0.99 1.7 1.0 "" "" 0.079
300 288.0 449.7 35.0 1320.0 1.0 "" "" 10.7 9.5 0.99 1.7 1.0 "" "" 0.622
301 288.0 900.2 35.0 1320.0 1.0 "" "" 9.9 9.5 0.99 1.7 3.0 "" "" 0.15
302 288.0 863.7 35.0 1320.0 1.0 "" "" 37.9 9.5 0.99 1.7 2.0 "" "" 0.837
303 288.0 275.3 35.0 1320.0 1.0 "" "" 18.8 9.5 0.99 1.7 3.0 "" "" 0.104
304 288.0 179.1 35.0 1320.0 1.0 "" "" 109.1 9.5 0.99 1.7 3.0 "" "" 0.001
305 288.0 814.0 35.0 1320.0 1.0 "" "" 11.6 9.5 0.99 1.7 3.0 "" "" 0.42
306 288.0 201.2 35.0 1320.0 1.0 "" "" 13.7 9.5 0.99 1.7 1.0 "" "" 0.01
307 288.0 517.9 35.0 1320.0 1.0 "" "" 11.2 9.5 0.99 1.7 4.0 "" "" 0.633
308 288.0 548.6 35.0 1320.0 1.0 "" "" 11.9 9.5 0.99 1.7 2.0 "" "" 0.47
309 288.0 385.2 35.0 1320.0 1.0 "" "" 55.9 9.5 0.99 1.7 2.0 "" "" 0.227
310 288.0 347.6 35.0 1320.0 1.0 "" "" 12.2 9.5 0.99 1.7 3.0 "" "" 0.17
311 288.0 266.5 35.0 1320.0 1.0 "" "" 15.9 9.5 0.99 1.7 4.0 "" "" 0.068
312 288.0 359.8 35.0 1320.0 1.0 "" "" 13.7 9.5 0.99 1.7 2.0 "" "" 0.362
313 288.0 1062.6 35.0 1320.0 1.0 "" "" 11.0 9.5 0.99 1.7 2.0 "" "" 0.864
314 288.0 602.4 35.0 1320.0 1.0 "" "" 27.8 9.5 0.99 1.7 1.0 "" "" 0.39
315 288.0 615.3 35.0 1320.0 1.0 "" "" 13.1 9.5 0.99 1.7 2.0 "" "" 0.815
316 288.0 930.0 35.0 1320.0 1.0 "" "" 19.8 9.5 0.99 1.7 4.0 "" "" 0.49
317 288.0 652.9 35.0 1320.0 1.0 "" "" 12.2 9.5 0.99 1.7 5.0 "" "" 0.633
318 288.0 634.4 35.0 1320.0 1.0 "" "" 20.7 9.5 0.99 1.7 2.0 "" "" 0.407
319 288.0 747.8 35.0 1320.0 1.0 "" "" 9.6 9.5 0.99 1.7 4.0 "" "" 0.086
320 288.0 596.2 35.0 1320.0 1.0 "" "" 21.3 9.5 0.99 1.7 2.0 "" "" 0.603
321 288.0 469.1 35.0 1320.0 1.0 "" "" 52.5 9.5 0.99 1.7 3.0 "" "" 0.387
322 288.0 1028.2 35.0 1320.0 1.0 "" "" 11.3 9.5 0.99 1.7 2.0 "" "" 0.645
323 288.0 430.6 35.0 1320.0 1.0 "" "" 12.5 9.5 0.99 1.7 0.0 "" "" 0.345
324 288.0 1121.6 35.0 1320.0 1.0 "" "" 11.2 9.5 0.99 1.7 3.0 "" "" 1.146
325 288.0 403.1 35.0 1320.0 1.0 "" "" 26.6 9.5 0.99 1.7 3.0 "" "" 0.284
326 288.0 563.6 35.0 1320.0 1.0 "" "" 22.1 9.5 0.99 1.7 1.0 "" "" 0.689
327 288.0 1644.2 35.0 1320.0 1.0 "" "" 13.4 9.5 0.99 1.7 3.0 "" "" 2.063
328 288.0 389.5 35.0 1320.0 1.0 "" "" 23.9 9.5 0.99 1.7 3.0 "" "" 0.307
329 288.0 624.6 35.0 1320.0 1.0 "" "" 62.3 9.5 0.99 1.7 2.0 "" "" 0.159
330 288.0 490.1 35.0 1320.0 1.0 "" "" 14.0 9.5 0.99 1.7 2.0 "" "" 0.532
331 288.0 912.3 35.0 1320.0 1.0 "" "" 15.9 9.5 0.99 1.7 3.0 "" "" 0.645
332 288.0 692.6 35.0 1320.0 1.0 "" "" 27.3 9.5 0.99 1.7 2.0 "" "" 0.798
333 288.0 179.2 35.0 1320.0 1.0 "" "" 18.5 9.5 0.99 1.7 3.0 "" "" 0.103
334 288.0 780.0 35.0 1320.0 1.0 "" "" 17.7 9.5 0.99 1.7 4.0 "" "" 0.408
335 288.0 964.2 35.0 1320.0 1.0 "" "" 11.6 9.5 0.99 1.7 1.0 "" "" 1.173
336 288.0 203.2 35.0 1320.0 1.0 "" "" 14.0 9.5 0.99 1.7 3.0 "" "" 0.092
337 288.0 698.1 35.0 1320.0 1.0 "" "" 38.8 9.5 0.99 1.7 3.0 "" "" 0.46
338 288.0 338.5 35.0 1320.0 1.0 "" "" 15.2 9.5 0.99 1.7 3.0 "" "" 0.318
339 288.0 520.4 35.0 1320.0 1.0 "" "" 12.8 9.5 0.99 1.7 2.0 "" "" 0.439
340 288.0 958.2 35.0 1320.0 1.0 "" "" 12.3 9.5 0.99 1.7 2.0 "" "" 0.289
341 288.0 576.5 35.0 1320.0 1.0 "" "" 24.2 9.5 0.99 1.7 3.0 "" "" 0.514
342 288.0 418.5 35.0 1320.0 1.0 "" "" 22.6 9.5 0.99 1.7 3.0 "" "" 0.37
343 288.0 296.4 35.0 1320.0 1.0 "" "" 18.3 9.5 0.99 1.7 3.0 "" "" 0.053
344 288.0 666.2 35.0 1320.0 1.0 "" "" 12.6 9.5 0.99 1.7 1.0 "" "" 0.846
345 288.0 315.6 35.0 1320.0 1.0 "" "" 20.5 9.5 0.99 1.7 3.0 "" "" 0.285
346 288.0 140.5 35.0 1320.0 1.0 "" "" 12.0 9.5 0.99 1.7 0.0 "" "" 0.036
347 288.0 764.2 35.0 1320.0 1.0 "" "" 9.5 9.5 0.99 1.7 1.0 "" "" 0.951
348 288.0 841.2 35.0 1320.0 1.0 "" "" 14.6 9.5 0.99 1.7 0.0 "" "" 0.603
349 288.0 938.2 35.0 1320.0 1.0 "" "" 20.4 9.5 0.99 1.7 3.0 "" "" 0.192
350 288.0 489.1 35.0 1320.0 1.0 "" "" 13.3 9.5 0.99 1.7 1.0 "" "" 0.241
351 288.0 655.5 35.0 1320.0 1.0 "" "" 12.3 9.5 0.99 1.7 2.0 "" "" 0.442
352 288.0 552.8 35.0 1320.0 1.0 "" "" 71.4 9.5 0.99 1.7 1.0 "" "" 0.194
353 288.0 2749.7 35.0 1320.0 1.0 "" "" 9.9 9.5 0.99 1.7 0.0 "" "" 2.304
354 288.0 3004.1 35.0 1320.0 1.0 "" "" 14.3 9.5 0.99 1.7 3.0 "" "" 0.315
355 288.0 668.2 35.0 1320.0 1.0 "" "" 33.2 9.5 0.99 1.7 3.0 "" "" 0.132
356 288.0 663.6 35.0 1320.0 1.0 "" "" 19.0 9.5 0.99 1.7 2.0 "" "" 0.575
357 288.0 564.6 35.0 1320.0 1.0 "" "" 86.8 9.5 0.99 1.7 4.0 "" "" 0.333
358 288.0 485.8 35.0 1320.0 1.0 "" "" 19.0 9.5 0.99 1.7 1.0 "" "" 0.378
359 288.0 639.6 35.0 1320.0 1.0 "" "" 131.0 9.5 0.99 1.7 2.0 "" "" 0.238
360 288.0 94.2 35.0 1320.0 1.0 "" "" 23.9 9.5 0.99 1.7 2.0 "" "" 0.003
361 288.0 1468.8 35.0 1320.0 1.0 "" "" 29.3 9.5 0.99 1.7 3.0 "" "" 0.241
362 288.0 215.7 35.0 1320.0 1.0 "" "" 20.8 9.5 0.99 1.7 2.0 "" "" 0.081
363 288.0 969.2 35.0 1320.0 1.0 "" "" 16.2 9.5 0.99 1.7 2.0 "" "" 0.571
364 288.0 1324.9 35.0 1320.0 1.0 "" "" 12.0 9.5 0.99 1.7 5.0 "" "" 1.313
365 288.0 426.8 35.0 1320.0 1.0 "" "" 20.7 9.5 0.99 1.7 4.0 "" "" 0.429
366 288.0 524.1 35.0 1320.0 1.0 "" "" 28.2 9.5 0.99 1.7 3.0 "" "" 0.06
367 288.0 686.1 35.0 1320.0 1.0 "" "" 24.5 9.5 0.99 1.7 2.0 "" "" 0.764
368 288.0 1243.9 35.0 1320.0 1.0 "" "" 14.0 9.5 0.99 1.7 2.0 "" "" 1.332
369 288.0 875.0 35.0 1320.0 1.0 "" "" 23.3 9.5 0.99 1.7 2.0 "" "" 0.899
370 288.0 1351.9 35.0 1320.0 1.0 "" "" 24.4 9.5 0.99 1.7 4.0 "" "" 1.325
371 288.0 402.8 35.0 1320.0 1.0 "" "" 40.1 9.5 0.99 1.7 2.0 "" "" 0.171
372 288.0 884.3 35.0 1320.0 1.0 "" "" 9.6 9.5 0.99 1.7 3.0 "" "" 0.408
373 288.0 411.0 35.0 1320.0 1.0 "" "" 11.8 9.5 0.99 1.7 4.0 "" "" 0.022
374 288.0 494.9 35.0 1320.0 1.0 "" "" 9.8 9.5 0.99 1.7 3.0 "" "" 0.516
375 288.0 645.2 35.0 1320.0 1.0 "" "" 12.5 9.5 0.99 1.7 2.0 "" "" 0.607
376 288.0 504.0 35.0 1320.0 1.0 "" "" 12.2 9.5 0.99 1.7 1.0 "" "" 0.452
377 288.0 593.8 35.0 1320.0 1.0 "" "" 12.0 9.5 0.99 1.7 3.0 "" "" 0.62
378 288.0 491.2 35.0 1320.0 1.0 "" "" 21.8 9.5 0.99 1.7 3.0 "" "" 0.141
379 288.0 395.1 35.0 1320.0 1.0 "" "" 16.3 9.5 0.99 1.7 3.0 "" "" 0.429
380 288.0 566.1 35.0 1320.0 1.0 "" "" 10.0 9.5 0.99 1.7 3.0 "" "" 0.515
381 288.0 181.1 35.0 1320.0 1.0 "" "" 22.5 9.5 0.99 1.7 2.0 "" "" 0.065
382 288.0 532.3 35.0 1320.0 1.0 "" "" 11.1 9.5 0.99 1.7 2.0 "" "" 0.59
383 288.0 991.9 35.0 1320.0 1.0 "" "" 15.6 9.5 0.99 1.7 2.0 "" "" 1.222
384 288.0 1035.4 35.0 1320.0 1.0 "" "" 27.8 9.5 0.99 1.7 3.0 "" "" 1.114
385 288.0 715.9 35.0 1320.0 1.0 "" "" 19.1 9.5 0.99 1.7 4.0 "" "" 0.09
386 288.0 691.9 35.0 1320.0 1.0 "" "" 9.9 9.5 0.99 1.7 4.0 "" "" 0.696
387 288.0 1031.6 35.0 1320.0 1.0 "" "" 10.3 9.5 0.99 1.7 4.0 "" "" 1.312
388 288.0 181.0 35.0 1320.0 1.0 "" "" 26.0 9.5 0.99 1.7 2.0 "" "" 0.136
389 288.0 362.4 35.0 1320.0 1.0 "" "" 10.0 9.5 0.99 1.7 2.0 "" "" 0.287
390 288.0 503.6 35.0 1320.0 1.0 "" "" 29.2 9.5 0.99 1.7 3.0 "" "" 0.639
391 288.0 667.5 35.0 1320.0 1.0 "" "" 13.7 9.5 0.99 1.7 4.0 "" "" 0.128
392 288.0 765.5 35.0 1320.0 1.0 "" "" 19.0 9.5 0.99 1.7 3.0 "" "" 0.742
393 288.0 135.7 35.0 1320.0 1.0 "" "" 27.9 9.5 0.99 1.7 4.0 "" "" 0.039
394 288.0 599.2 35.0 1320.0 1.0 "" "" 24.3 9.5 0.99 1.7 4.0 "" "" 0.24
395 288.0 1321.2 35.0 1320.0 1.0 "" "" 12.3 9.5 0.99 1.7 2.0 "" "" 0.407
396 288.0 388.5 35.0 1320.0 1.0 "" "" 10.1 9.5 0.99 1.7 2.0 "" "" 0.135
397 288.0 269.0 35.0 1320.0 1.0 "" "" 30.0 9.5 0.99 1.7 4.0 "" "" 0.123
398 288.0 944.6 35.0 1320.0 1.0 "" "" 23.0 9.5 0.99 1.7 2.0 "" "" 0.874
399 288.0 259.8 35.0 1320.0 1.0 "" "" 29.0 9.5 0.99 1.7 2.0 "" "" 0.019
400 288.0 916.6 35.0 1320.0 1.0 "" "" 14.4 9.5 0.99 1.7 3.0 "" "" 0.997
401 288.0 266.6 35.0 1320.0 1.0 "" "" 10.5 9.5 0.99 1.7 2.0 "" "" 0.241
402 288.0 451.4 35.0 1320.0 1.0 "" "" 17.4 9.5 0.99 1.7 3.0 "" "" 0.454
403 288.0 724.2 35.0 1320.0 1.0 "" "" 32.0 9.5 0.99 1.7 2.0 "" "" 0.793
404 288.0 187.5 35.0 1320.0 1.0 "" "" 16.4 9.5 0.99 1.7 3.0 "" "" 0.046
405 288.0 485.5 35.0 1320.0 1.0 "" "" 20.3 9.5 0.99 1.7 4.0 "" "" 0.162
406 288.0 236.1 35.0 1320.0 1.0 "" "" 18.3 9.5 0.99 1.7 3.0 "" "" 0.142
407 288.0 730.6 35.0 1320.0 1.0 "" "" 41.2 9.5 0.99 1.7 3.0 "" "" 0.72
408 288.0 272.6 35.0 1320.0 1.0 "" "" 39.8 9.5 0.99 1.7 3.0 "" "" 0.141
409 288.0 524.5 35.0 1320.0 1.0 "" "" 11.7 9.5 0.99 1.7 0.0 "" "" 0.623
410 288.0 489.3 35.0 1320.0 1.0 "" "" 15.3 9.5 0.99 1.7 1.0 "" "" 0.446
411 288.0 448.1 35.0 1320.0 1.0 "" "" 12.7 9.5 0.99 1.7 2.0 "" "" 0.467
412 288.0 1045.2 35.0 1320.0 1.0 "" "" 27.5 9.5 0.99 1.7 4.0 "" "" 1.06
413 288.0 958.7 35.0 1320.0 1.0 "" "" 23.9 9.5 0.99 1.7 3.0 "" "" 1.035
414 288.0 233.6 35.0 1320.0 1.0 "" "" 9.6 9.5 0.99 1.7 3.0 "" "" 0.075
415 288.0 659.9 35.0 1320.0 1.0 "" "" 10.5 9.5 0.99 1.7 2.0 "" "" 0.318
416 288.0 635.2 35.0 1320.0 1.0 "" "" 22.9 9.5 0.99 1.7 3.0 "" "" 0.418
417 288.0 2488.2 35.0 1320.0 1.0 "" "" 22.0 9.5 0.99 1.7 3.0 "" "" 2.001
418 288.0 416.8 35.0 1320.0 1.0 "" "" 9.6 9.5 0.99 1.7 4.0 "" "" 0.462
419 288.0 460.9 35.0 1320.0 1.0 "" "" 76.9 9.5 0.99 1.7 2.0 "" "" 0.164
420 288.0 559.6 35.0 1320.0 1.0 "" "" 14.7 9.5 0.99 1.7 4.0 "" "" 0.72
421 288.0 878.5 35.0 1320.0 1.0 "" "" 12.7 9.5 0.99 1.7 3.0 "" "" 0.631
422 288.0 836.2 35.0 1320.0 1.0 "" "" 10.6 9.5 0.99 1.7 1.0 "" "" 0.306
423 288.0 717.2 35.0 1320.0 1.0 "" "" 10.3 9.5 0.99 1.7 2.0 "" "" 0.901
424 288.0 203.8 35.0 1320.0 1.0 "" "" 50.4 9.5 0.99 1.7 4.0 "" "" 0.008
425 288.0 332.5 35.0 1320.0 1.0 "" "" 10.0 9.5 0.99 1.7 2.0 "" "" 0.255
426 288.0 513.5 35.0 1320.0 1.0 "" "" 11.9 9.5 0.99 1.7 3.0 "" "" 0.412
427 288.0 890.1 35.0 1320.0 1.0 "" "" 17.0 9.5 0.99 1.7 2.0 "" "" 1.106
428 288.0 1119.1 35.0 1320.0 1.0 "" "" 11.6 9.5 0.99 1.7 1.0 "" "" 1.247
429 288.0 692.3 35.0 1320.0 1.0 "" "" 17.5 9.5 0.99 1.7 3.0 "" "" 0.665
430 288.0 794.0 35.0 1320.0 1.0 "" "" 56.4 9.5 0.99 1.7 4.0 "" "" 0.265
431 288.0 692.8 35.0 1320.0 1.0 "" "" 11.1 9.5 0.99 1.7 3.0 "" "" 0.926
432 288.0 529.2 35.0 1320.0 1.0 "" "" 111.0 9.5 0.99 1.7 2.0 "" "" 0.226
433 288.0 476.0 35.0 1320.0 1.0 "" "" 12.5 9.5 0.99 1.7 4.0 "" "" 0.458
434 288.0 439.2 35.0 1320.0 1.0 "" "" 10.9 9.5 0.99 1.7 1.0 "" "" 0.27
435 288.0 842.2 35.0 1320.0 1.0 "" "" 19.2 9.5 0.99 1.7 1.0 "" "" 0.772
436 288.0 644.8 35.0 1320.0 1.0 "" "" 26.2 9.5 0.99 1.7 1.0 "" "" 0.709
437 288.0 389.8 35.0 1320.0 1.0 "" "" 13.5 9.5 0.99 1.7 1.0 "" "" 0.112
438 288.0 363.0 35.0 1320.0 1.0 "" "" 62.7 9.5 0.99 1.7 0.0 "" "" 0.166
439 288.0 1050.3 35.0 1320.0 1.0 "" "" 26.1 9.5 0.99 1.7 2.0 "" "" 0.544
440 288.0 182.9 35.0 1320.0 1.0 "" "" 19.0 9.5 0.99 1.7 1.0 "" "" 0.002
441 288.0 686.3 35.0 1320.0 1.0 "" "" 13.3 9.5 0.99 1.7 2.0 "" "" 0.151
442 288.0 335.0 35.0 1320.0 1.0 "" "" 13.5 9.5 0.99 1.7 4.0 "" "" 0.104
443 288.0 613.8 35.0 1320.0 1.0 "" "" 14.1 9.5 0.99 1.7 3.0 "" "" 0.791
444 288.0 317.5 35.0 1320.0 1.0 "" "" 11.4 9.5 0.99 1.7 2.0 "" "" 0.274
445 288.0 427.7 35.0 1320.0 1.0 "" "" 25.2 9.5 0.99 1.7 4.0 "" "" 0.551
