papers/Repeaters/Surveys/CHIME_decbin_2_of_6.ecsv
# %ECSV 1.0
# ---
# datatype:
# - {name: TNS, datatype: string, subtype: 'float64[null]'}
# - {name: BW, datatype: float64}
# - {name: DM, datatype: float64}
# - {name: DMG, datatype: float64}
# - {name: FBAR, datatype: float64}
# - {name: FRES, datatype: float64}
# - {name: Gb, datatype: string, subtype: 'float64[null]'}
# - {name: Gl, datatype: string, subtype: 'float64[null]'}
# - {name: NREP, datatype: float64}
# - {name: SNR, datatype: float64}
# - {name: SNRTHRESH, datatype: float64}
# - {name: THRESH, datatype: float64}
# - {name: TRES, datatype: float64}
# - {name: WIDTH, datatype: float64}
# - {name: XDec, datatype: string, subtype: 'float64[null]'}
# - {name: XRA, datatype: string, subtype: 'float64[null]'}
# - {name: Z, datatype: string, subtype: 'float64[null]'}
# meta: !!omap
# - {survey_data: "{\n    \"observing\": {\n        \"NORM_FRB\": 154,\n        \"TOBS\": 3.262931916550108\n    },\n    \"telescope\"\
#     : {\n        \"BEAM\": \"chime_bound_2_of_6\",\n        \"DIAM\": -1.0,\n        \"NBEAMS\": 1,\n        \"NBINS\": 1\n    }\n}"}
# schema: astropy-2.0
TNS BW DM DMG FBAR FRES Gb Gl NREP SNR SNRTHRESH THRESH TRES WIDTH XDec XRA Z
"" 400.0 642.1 21.2 600.0 0.0244 "" "" 1.0 10.4 10.0 5.0 0.983 1.39 "" "" ""
"" 400.0 414.9 104.7 600.0 0.0244 "" "" 1.0 13.1 10.0 5.0 0.983 0.322 "" "" ""
"" 400.0 383.5 43.5 600.0 0.0244 "" "" 1.0 10.5 10.0 5.0 0.983 1.35 "" "" ""
"" 400.0 877.2 92.0 600.0 0.0244 "" "" 1.0 15.3 10.0 5.0 0.983 0.87 "" "" ""
"" 400.0 658.2 38.1 600.0 0.0244 "" "" 1.0 15.4 10.0 5.0 0.983 0.21 "" "" ""
"" 400.0 371.0 171.9 600.0 0.0244 "" "" 1.0 13.4 10.0 5.0 0.983 0.8 "" "" ""
"" 400.0 177.1 22.4 600.0 0.0244 "" "" 1.0 12.5 10.0 5.0 0.983 1.694 "" "" ""
"" 400.0 555.7 160.8 600.0 0.0244 "" "" 1.0 13.5 10.0 5.0 0.983 2.22 "" "" ""
"" 400.0 174.0 29.1 600.0 0.0244 "" "" 1.0 15.0 10.0 5.0 0.983 0.32 "" "" ""
"" 400.0 1116.5 69.2 600.0 0.0244 "" "" 1.0 18.2 10.0 5.0 0.983 0.87 "" "" ""
"" 400.0 667.9 39.7 600.0 0.0244 "" "" 1.0 12.0 10.0 5.0 0.983 1.15 "" "" ""
"" 400.0 252.8 158.1 600.0 0.0244 "" "" 1.0 37.7 10.0 5.0 0.983 0.269 "" "" ""
"" 400.0 309.3 48.1 600.0 0.0244 "" "" 1.0 25.6 10.0 5.0 0.983 0.512 "" "" ""
"" 400.0 1005.8 38.6 600.0 0.0244 "" "" 1.0 12.6 10.0 5.0 0.983 0.76 "" "" ""
"" 400.0 888.0 102.6 600.0 0.0244 "" "" 1.0 20.9 10.0 5.0 0.983 0.73 "" "" ""
"" 400.0 411.2 146.2 600.0 0.0244 "" "" 1.0 29.4 10.0 5.0 0.983 0.477 "" "" ""
"" 400.0 514.3 20.1 600.0 0.0244 "" "" 1.0 35.6 10.0 5.0 0.983 0.594 "" "" ""
"" 400.0 286.0 21.8 600.0 0.0244 "" "" 1.0 15.5 10.0 5.0 0.983 0.4 "" "" ""
"" 400.0 289.4 123.5 600.0 0.0244 "" "" 1.0 21.5 10.0 5.0 0.983 0.362 "" "" ""
"" 400.0 159.7 49.9 600.0 0.0244 "" "" 1.0 24.3 10.0 5.0 0.983 0.0 "" "" ""
"" 400.0 414.5 155.7 600.0 0.0244 "" "" 1.0 11.9 10.0 5.0 0.983 0.69 "" "" ""
"" 400.0 580.8 105.3 600.0 0.0244 "" "" 1.0 62.2 10.0 5.0 0.983 1.46 "" "" ""
"" 400.0 1773.7 66.1 600.0 0.0244 "" "" 1.0 28.3 10.0 5.0 0.983 0.0 "" "" ""
"" 400.0 422.3 53.1 600.0 0.0244 "" "" 1.0 18.1 10.0 5.0 0.983 1.61 "" "" ""
"" 400.0 609.1 442.3 600.0 0.0244 "" "" 1.0 49.9 10.0 5.0 0.983 3.33 "" "" ""
"" 400.0 801.6 104.9 600.0 0.0244 "" "" 1.0 29.0 10.0 5.0 0.983 1.119 "" "" ""
"" 400.0 272.2 38.0 600.0 0.0244 "" "" 1.0 18.3 10.0 5.0 0.983 1.58 "" "" ""
"" 400.0 930.3 32.2 600.0 0.0244 "" "" 1.0 15.7 10.0 5.0 0.983 0.74 "" "" ""
"" 400.0 456.5 33.5 600.0 0.0244 "" "" 1.0 13.3 10.0 5.0 0.983 1.68 "" "" ""
"" 400.0 668.0 38.8 600.0 0.0244 "" "" 1.0 27.0 10.0 5.0 0.983 0.59 "" "" ""
"" 400.0 635.9 46.7 600.0 0.0244 "" "" 1.0 19.2 10.0 5.0 0.983 0.171 "" "" ""
"" 400.0 375.4 56.7 600.0 0.0244 "" "" 1.0 25.6 10.0 5.0 0.983 0.578 "" "" ""
"" 400.0 2105.8 40.3 600.0 0.0244 "" "" 1.0 11.0 10.0 5.0 0.983 2.3 "" "" ""
"" 400.0 647.9 36.2 600.0 0.0244 "" "" 1.0 18.6 10.0 5.0 0.983 1.26 "" "" ""
"" 400.0 316.2 24.4 600.0 0.0244 "" "" 1.0 18.6 10.0 5.0 0.983 0.754 "" "" ""
"" 400.0 619.2 148.2 600.0 0.0244 "" "" 1.0 9.5 10.0 5.0 0.983 0.596 "" "" ""
"" 400.0 565.7 25.5 600.0 0.0244 "" "" 1.0 12.4 10.0 5.0 0.983 1.57 "" "" ""
"" 400.0 112.5 19.9 600.0 0.0244 "" "" 1.0 19.5 10.0 5.0 0.983 0.508 "" "" ""
"" 400.0 581.9 36.6 600.0 0.0244 "" "" 1.0 32.4 10.0 5.0 0.983 1.02 "" "" ""
"" 400.0 287.0 27.7 600.0 0.0244 "" "" 1.0 52.4 10.0 5.0 0.983 1.004 "" "" ""
"" 400.0 385.4 65.0 600.0 0.0244 "" "" 1.0 24.2 10.0 5.0 0.983 0.571 "" "" ""
"" 400.0 748.7 34.2 600.0 0.0244 "" "" 1.0 12.6 10.0 5.0 0.983 1.088 "" "" ""
"" 400.0 389.0 29.3 600.0 0.0244 "" "" 1.0 11.1 10.0 5.0 0.983 3.36 "" "" ""
"" 400.0 1376.7 43.0 600.0 0.0244 "" "" 1.0 28.3 10.0 5.0 0.983 0.705 "" "" ""
"" 400.0 854.6 24.3 600.0 0.0244 "" "" 1.0 17.7 10.0 5.0 0.983 1.3 "" "" ""
"" 400.0 1323.9 234.0 600.0 0.0244 "" "" 1.0 14.0 10.0 5.0 0.983 0.32 "" "" ""
"" 400.0 699.2 43.6 600.0 0.0244 "" "" 1.0 22.4 10.0 5.0 0.983 0.824 "" "" ""
"" 400.0 367.2 41.1 600.0 0.0244 "" "" 1.0 22.9 10.0 5.0 0.983 0.851 "" "" ""
"" 400.0 541.1 187.1 600.0 0.0244 "" "" 1.0 15.7 10.0 5.0 0.983 5.83 "" "" ""
"" 400.0 1349.1 155.5 600.0 0.0244 "" "" 1.0 25.1 10.0 5.0 0.983 1.93 "" "" ""
"" 400.0 549.4 151.5 600.0 0.0244 "" "" 1.0 17.2 10.0 5.0 0.983 0.8 "" "" ""
"" 400.0 849.2 39.9 600.0 0.0244 "" "" 1.0 9.0 10.0 5.0 0.983 25.9 "" "" ""
"" 400.0 172.0 21.5 600.0 0.0244 "" "" 1.0 64.3 10.0 5.0 0.983 0.0 "" "" ""
"" 400.0 1336.9 65.1 600.0 0.0244 "" "" 1.0 24.1 10.0 5.0 0.983 0.16 "" "" ""
"" 400.0 887.4 38.1 600.0 0.0244 "" "" 1.0 11.5 10.0 5.0 0.983 1.34 "" "" ""
"" 400.0 1178.1 22.6 600.0 0.0244 "" "" 1.0 15.7 10.0 5.0 0.983 1.26 "" "" ""
"" 400.0 225.1 53.4 600.0 0.0244 "" "" 1.0 47.2 10.0 5.0 0.983 0.14 "" "" ""
"" 400.0 670.9 50.2 600.0 0.0244 "" "" 1.0 9.7 10.0 5.0 0.983 3.7 "" "" ""
"" 400.0 1231.2 64.6 600.0 0.0244 "" "" 1.0 11.7 10.0 5.0 0.983 5.5 "" "" ""
"" 400.0 469.6 54.5 600.0 0.0244 "" "" 1.0 9.3 10.0 5.0 0.983 1.92 "" "" ""
"" 400.0 689.9 24.4 600.0 0.0244 "" "" 1.0 43.2 10.0 5.0 0.983 5.0 "" "" ""
"" 400.0 441.4 21.6 600.0 0.0244 "" "" 1.0 14.5 10.0 5.0 0.983 1.5 "" "" ""
"" 400.0 303.6 21.4 600.0 0.0244 "" "" 1.0 47.5 10.0 5.0 0.983 1.773 "" "" ""
"" 400.0 617.8 392.0 600.0 0.0244 "" "" 1.0 13.6 10.0 5.0 0.983 5.74 "" "" ""
"" 400.0 564.7 60.4 600.0 0.0244 "" "" 1.0 9.4 10.0 5.0 0.983 3.21 "" "" ""
"" 400.0 696.1 43.6 600.0 0.0244 "" "" 1.0 11.8 10.0 5.0 0.983 1.85 "" "" ""
"" 400.0 248.2 57.2 600.0 0.0244 "" "" 1.0 14.1 10.0 5.0 0.983 0.603 "" "" ""
"" 400.0 430.2 232.8 600.0 0.0244 "" "" 1.0 9.4 10.0 5.0 0.983 1.27 "" "" ""
"" 400.0 484.8 52.1 600.0 0.0244 "" "" 1.0 12.7 10.0 5.0 0.983 1.13 "" "" ""
"" 400.0 1367.5 37.4 600.0 0.0244 "" "" 1.0 9.5 10.0 5.0 0.983 0.99 "" "" ""
"" 400.0 989.0 29.7 600.0 0.0244 "" "" 1.0 23.6 10.0 5.0 0.983 0.265 "" "" ""
"" 400.0 1805.7 35.6 600.0 0.0244 "" "" 1.0 12.2 10.0 5.0 0.983 0.92 "" "" ""
"" 400.0 507.8 33.0 600.0 0.0244 "" "" 1.0 13.6 10.0 5.0 0.983 0.444 "" "" ""
"" 400.0 642.1 67.5 600.0 0.0244 "" "" 1.0 18.7 10.0 5.0 0.983 0.348 "" "" ""
"" 400.0 307.4 40.8 600.0 0.0244 "" "" 1.0 101.0 10.0 5.0 0.983 0.71 "" "" ""
"" 400.0 464.9 70.1 600.0 0.0244 "" "" 1.0 20.2 10.0 5.0 0.983 0.51 "" "" ""
"" 400.0 188.3 41.4 600.0 0.0244 "" "" 1.0 13.4 10.0 5.0 0.983 0.804 "" "" ""
"" 400.0 624.2 116.5 600.0 0.0244 "" "" 1.0 43.9 10.0 5.0 0.983 0.397 "" "" ""
"" 400.0 1016.5 22.4 600.0 0.0244 "" "" 1.0 12.2 10.0 5.0 0.983 4.42 "" "" ""
"" 400.0 533.1 22.1 600.0 0.0244 "" "" 1.0 15.5 10.0 5.0 0.983 1.68 "" "" ""
"" 400.0 846.2 45.8 600.0 0.0244 "" "" 1.0 10.8 10.0 5.0 0.983 0.66 "" "" ""
"" 400.0 547.9 81.6 600.0 0.0244 "" "" 1.0 11.1 10.0 5.0 0.983 2.05 "" "" ""
"" 400.0 223.8 52.9 600.0 0.0244 "" "" 1.0 13.6 10.0 5.0 0.983 0.97 "" "" ""
"" 400.0 393.1 165.5 600.0 0.0244 "" "" 1.0 13.7 10.0 5.0 0.983 3.94 "" "" ""
"" 400.0 497.6 33.2 600.0 0.0244 "" "" 1.0 10.0 10.0 5.0 0.983 1.52 "" "" ""
"" 400.0 895.3 115.6 600.0 0.0244 "" "" 1.0 9.4 10.0 5.0 0.983 0.601 "" "" ""
"" 400.0 497.4 59.9 600.0 0.0244 "" "" 1.0 18.3 10.0 5.0 0.983 0.29 "" "" ""
"" 400.0 601.6 91.3 600.0 0.0244 "" "" 1.0 10.6 10.0 5.0 0.983 0.453 "" "" ""
"" 400.0 827.8 44.5 600.0 0.0244 "" "" 1.0 10.6 10.0 5.0 0.983 1.31 "" "" ""
"" 400.0 419.1 20.2 600.0 0.0244 "" "" 1.0 37.8 10.0 5.0 0.983 2.25 "" "" ""
"" 400.0 802.9 20.5 600.0 0.0244 "" "" 1.0 9.1 10.0 5.0 0.983 1.24 "" "" ""
"" 400.0 1089.7 23.1 600.0 0.0244 "" "" 1.0 15.6 10.0 5.0 0.983 1.76 "" "" ""
"" 400.0 470.0 22.6 600.0 0.0244 "" "" 1.0 20.8 10.0 5.0 0.983 0.33 "" "" ""
"" 400.0 565.0 22.1 600.0 0.0244 "" "" 1.0 10.8 10.0 5.0 0.983 0.948 "" "" ""
"" 400.0 355.3 58.0 600.0 0.0244 "" "" 1.0 12.3 10.0 5.0 0.983 2.06 "" "" ""
"" 400.0 294.0 54.9 600.0 0.0244 "" "" 1.0 11.8 10.0 5.0 0.983 0.0 "" "" ""
"" 400.0 515.9 38.9 600.0 0.0244 "" "" 1.0 12.7 10.0 5.0 0.983 0.834 "" "" ""
"" 400.0 598.3 53.6 600.0 0.0244 "" "" 1.0 11.4 10.0 5.0 0.983 1.4 "" "" ""
"" 400.0 800.9 134.3 600.0 0.0244 "" "" 1.0 14.9 10.0 5.0 0.983 1.67 "" "" ""
"" 400.0 368.8 47.1 600.0 0.0244 "" "" 1.0 11.4 10.0 5.0 0.983 1.04 "" "" ""
"" 400.0 857.5 72.8 600.0 0.0244 "" "" 1.0 14.7 10.0 5.0 0.983 0.54 "" "" ""
"" 400.0 1733.9 19.8 600.0 0.0244 "" "" 1.0 9.8 10.0 5.0 0.983 1.35 "" "" ""
"" 400.0 346.6 88.8 600.0 0.0244 "" "" 1.0 31.9 10.0 5.0 0.983 0.302 "" "" ""
"" 400.0 509.0 24.9 600.0 0.0244 "" "" 1.0 9.4 10.0 5.0 0.983 0.97 "" "" ""
"" 400.0 664.2 67.4 600.0 0.0244 "" "" 1.0 11.9 10.0 5.0 0.983 1.04 "" "" ""
"" 400.0 865.3 165.3 600.0 0.0244 "" "" 1.0 11.4 10.0 5.0 0.983 1.59 "" "" ""
"" 400.0 1353.9 40.3 600.0 0.0244 "" "" 1.0 24.3 10.0 5.0 0.983 1.36 "" "" ""
"" 400.0 424.9 47.3 600.0 0.0244 "" "" 1.0 9.6 10.0 5.0 0.983 1.11 "" "" ""
"" 400.0 1791.9 84.4 600.0 0.0244 "" "" 1.0 14.5 10.0 5.0 0.983 0.23 "" "" ""
"" 400.0 1300.1 54.7 600.0 0.0244 "" "" 1.0 16.1 10.0 5.0 0.983 1.55 "" "" ""
"" 400.0 642.2 78.4 600.0 0.0244 "" "" 1.0 20.4 10.0 5.0 0.983 0.423 "" "" ""
"" 400.0 1229.6 35.3 600.0 0.0244 "" "" 1.0 15.6 10.0 5.0 0.983 1.38 "" "" ""
"" 400.0 233.7 38.9 600.0 0.0244 "" "" 1.0 32.2 10.0 5.0 0.983 0.89 "" "" ""
"" 400.0 375.8 264.9 600.0 0.0244 "" "" 1.0 12.7 10.0 5.0 0.983 6.8 "" "" ""
"" 400.0 650.2 168.5 600.0 0.0244 "" "" 1.0 9.2 10.0 5.0 0.983 0.55 "" "" ""
"" 400.0 2287.3 39.2 600.0 0.0244 "" "" 1.0 14.6 10.0 5.0 0.983 0.72 "" "" ""
"" 400.0 575.4 20.6 600.0 0.0244 "" "" 1.0 19.7 10.0 5.0 0.983 0.0 "" "" ""
"" 400.0 184.5 70.1 600.0 0.0244 "" "" 1.0 20.4 10.0 5.0 0.983 0.706 "" "" ""
"" 400.0 630.0 35.8 600.0 0.0244 "" "" 1.0 10.7 10.0 5.0 0.983 1.95 "" "" ""
"" 400.0 452.3 79.5 600.0 0.0244 "" "" 1.0 18.3 10.0 5.0 0.983 2.0 "" "" ""
"" 400.0 584.9 482.6 600.0 0.0244 "" "" 1.0 15.9 10.0 5.0 0.983 8.5 "" "" ""
"" 400.0 128.2 48.8 600.0 0.0244 "" "" 1.0 57.6 10.0 5.0 0.983 0.38 "" "" ""
"" 400.0 455.8 85.0 600.0 0.0244 "" "" 1.0 25.2 10.0 5.0 0.983 0.339 "" "" ""
"" 400.0 969.4 27.0 600.0 0.0244 "" "" 1.0 33.0 10.0 5.0 0.983 0.374 "" "" ""
"" 400.0 400.6 99.1 600.0 0.0244 "" "" 1.0 22.5 10.0 5.0 0.983 0.893 "" "" ""
"" 400.0 1235.4 33.3 600.0 0.0244 "" "" 1.0 15.3 10.0 5.0 0.983 1.49 "" "" ""
"" 400.0 335.6 188.0 600.0 0.0244 "" "" 1.0 25.0 10.0 5.0 0.983 0.377 "" "" ""
"" 400.0 913.8 26.1 600.0 0.0244 "" "" 1.0 12.8 10.0 5.0 0.983 0.61 "" "" ""
"" 400.0 432.5 79.7 600.0 0.0244 "" "" 1.0 21.8 10.0 5.0 0.983 0.649 "" "" ""
"" 400.0 584.6 33.7 600.0 0.0244 "" "" 1.0 14.8 10.0 5.0 0.983 2.47 "" "" ""
"" 400.0 787.8 41.9 600.0 0.0244 "" "" 1.0 29.3 10.0 5.0 0.983 4.04 "" "" ""
"" 400.0 424.1 186.4 600.0 0.0244 "" "" 1.0 25.1 10.0 5.0 0.983 0.51 "" "" ""
"" 400.0 1021.2 24.8 600.0 0.0244 "" "" 1.0 15.2 10.0 5.0 0.983 1.63 "" "" ""
"" 400.0 1218.6 26.0 600.0 0.0244 "" "" 1.0 16.8 10.0 5.0 0.983 0.962 "" "" ""
"" 400.0 1656.5 48.8 600.0 0.0244 "" "" 1.0 10.9 10.0 5.0 0.983 1.069 "" "" ""
"" 400.0 562.5 44.0 600.0 0.0244 "" "" 1.0 97.7 10.0 5.0 0.983 1.736 "" "" ""
"" 400.0 722.2 38.4 600.0 0.0244 "" "" 1.0 12.1 10.0 5.0 0.983 0.386 "" "" ""
"" 400.0 480.3 112.7 600.0 0.0244 "" "" 1.0 11.0 10.0 5.0 0.983 2.07 "" "" ""
"" 400.0 715.0 53.5 600.0 0.0244 "" "" 1.0 18.2 10.0 5.0 0.983 3.87 "" "" ""
"" 400.0 581.9 54.9 600.0 0.0244 "" "" 1.0 57.6 10.0 5.0 0.983 0.648 "" "" ""
"" 400.0 589.2 57.5 600.0 0.0244 "" "" 1.0 12.0 10.0 5.0 0.983 2.59 "" "" ""
"" 400.0 212.6 25.5 600.0 0.0244 "" "" 1.0 14.6 10.0 5.0 0.983 0.654 "" "" ""
"" 400.0 640.2 45.4 600.0 0.0244 "" "" 1.0 14.1 10.0 5.0 0.983 3.88 "" "" ""
"" 400.0 228.9 77.2 600.0 0.0244 "" "" 1.0 33.4 10.0 5.0 0.983 0.548 "" "" ""
"" 400.0 488.3 69.3 600.0 0.0244 "" "" 1.0 10.2 10.0 5.0 0.983 0.399 "" "" ""
"" 400.0 1082.2 74.2 600.0 0.0244 "" "" 1.0 9.6 10.0 5.0 0.983 0.98 "" "" ""
"" 400.0 302.1 23.1 600.0 0.0244 "" "" 1.0 19.8 10.0 5.0 0.983 3.92 "" "" ""
"" 400.0 442.2 76.1 600.0 0.0244 "" "" 1.0 12.1 10.0 5.0 0.983 0.547 "" "" ""
"" 400.0 503.8 35.1 600.0 0.0244 "" "" 1.0 10.0 10.0 5.0 0.983 1.14 "" "" ""
"" 400.0 323.5 43.7 600.0 0.0244 "" "" 1.0 19.1 10.0 5.0 0.983 0.555 "" "" ""
"" 400.0 564.4 188.5 600.0 0.0244 "" "" 1.0 23.7 10.0 5.0 0.983 8.1 "" "" ""
"" 400.0 445.5 19.9 600.0 0.0244 "" "" 2.0 15.8 10.0 5.0 0.983 5.54 "" "" ""
"" 400.0 393.4 48.2 600.0 0.0244 "" "" 2.0 24.2 10.0 5.0 0.983 1.494 "" "" ""
"" 400.0 651.1 43.1 600.0 0.0244 "" "" 2.0 9.5 10.0 5.0 0.983 1.51 "" "" ""
