papers/Repeaters/Surveys/CHIME_decbin_13_of_30.ecsv
# %ECSV 1.0
# ---
# datatype:
# - {name: TNS, datatype: string, subtype: 'float64[null]'}
# - {name: BW, datatype: float64}
# - {name: DM, datatype: float64}
# - {name: DMG, datatype: float64}
# - {name: FBAR, datatype: float64}
# - {name: FRES, datatype: float64}
# - {name: Gb, datatype: string, subtype: 'float64[null]'}
# - {name: Gl, datatype: string, subtype: 'float64[null]'}
# - {name: NREP, datatype: float64}
# - {name: SNR, datatype: float64}
# - {name: SNRTHRESH, datatype: float64}
# - {name: THRESH, datatype: float64}
# - {name: TRES, datatype: float64}
# - {name: WIDTH, datatype: float64}
# - {name: XDec, datatype: string, subtype: 'float64[null]'}
# - {name: XRA, datatype: string, subtype: 'float64[null]'}
# - {name: Z, datatype: string, subtype: 'float64[null]'}
# meta: !!omap
# - {survey_data: "{\n    \"observing\": {\n        \"NORM_FRB\": 58,\n        \"TOBS\": 0.8596401404188717\n    },\n    \"telescope\"\
#     : {\n        \"BEAM\": \"chime_bound_13_of_30\",\n        \"DIAM\": -1.0,\n        \"NBEAMS\": 1,\n        \"NBINS\": 1\n    }\n\
#     }"}
# schema: astropy-2.0
TNS BW DM DMG FBAR FRES Gb Gl NREP SNR SNRTHRESH THRESH TRES WIDTH XDec XRA Z
"" 400.0 642.1 21.2 600.0 0.0244 "" "" 1.0 10.4 10.0 5.0 0.983 1.39 "" "" ""
"" 400.0 177.1 22.4 600.0 0.0244 "" "" 1.0 12.5 10.0 5.0 0.983 1.694 "" "" ""
"" 400.0 555.7 160.8 600.0 0.0244 "" "" 1.0 13.5 10.0 5.0 0.983 2.22 "" "" ""
"" 400.0 174.0 29.1 600.0 0.0244 "" "" 1.0 15.0 10.0 5.0 0.983 0.32 "" "" ""
"" 400.0 667.9 39.7 600.0 0.0244 "" "" 1.0 12.0 10.0 5.0 0.983 1.15 "" "" ""
"" 400.0 286.0 21.8 600.0 0.0244 "" "" 1.0 15.5 10.0 5.0 0.983 0.4 "" "" ""
"" 400.0 1773.7 66.1 600.0 0.0244 "" "" 1.0 28.3 10.0 5.0 0.983 0.0 "" "" ""
"" 400.0 930.3 32.2 600.0 0.0244 "" "" 1.0 15.7 10.0 5.0 0.983 0.74 "" "" ""
"" 400.0 635.9 46.7 600.0 0.0244 "" "" 1.0 19.2 10.0 5.0 0.983 0.171 "" "" ""
"" 400.0 375.4 56.7 600.0 0.0244 "" "" 1.0 25.6 10.0 5.0 0.983 0.578 "" "" ""
"" 400.0 316.2 24.4 600.0 0.0244 "" "" 1.0 18.6 10.0 5.0 0.983 0.754 "" "" ""
"" 400.0 565.7 25.5 600.0 0.0244 "" "" 1.0 12.4 10.0 5.0 0.983 1.57 "" "" ""
"" 400.0 112.5 19.9 600.0 0.0244 "" "" 1.0 19.5 10.0 5.0 0.983 0.508 "" "" ""
"" 400.0 385.4 65.0 600.0 0.0244 "" "" 1.0 24.2 10.0 5.0 0.983 0.571 "" "" ""
"" 400.0 1376.7 43.0 600.0 0.0244 "" "" 1.0 28.3 10.0 5.0 0.983 0.705 "" "" ""
"" 400.0 854.6 24.3 600.0 0.0244 "" "" 1.0 17.7 10.0 5.0 0.983 1.3 "" "" ""
"" 400.0 699.2 43.6 600.0 0.0244 "" "" 1.0 22.4 10.0 5.0 0.983 0.824 "" "" ""
"" 400.0 367.2 41.1 600.0 0.0244 "" "" 1.0 22.9 10.0 5.0 0.983 0.851 "" "" ""
"" 400.0 849.2 39.9 600.0 0.0244 "" "" 1.0 9.0 10.0 5.0 0.983 25.9 "" "" ""
"" 400.0 172.0 21.5 600.0 0.0244 "" "" 1.0 64.3 10.0 5.0 0.983 0.0 "" "" ""
"" 400.0 670.9 50.2 600.0 0.0244 "" "" 1.0 9.7 10.0 5.0 0.983 3.7 "" "" ""
"" 400.0 441.4 21.6 600.0 0.0244 "" "" 1.0 14.5 10.0 5.0 0.983 1.5 "" "" ""
"" 400.0 303.6 21.4 600.0 0.0244 "" "" 1.0 47.5 10.0 5.0 0.983 1.773 "" "" ""
"" 400.0 564.7 60.4 600.0 0.0244 "" "" 1.0 9.4 10.0 5.0 0.983 3.21 "" "" ""
"" 400.0 696.1 43.6 600.0 0.0244 "" "" 1.0 11.8 10.0 5.0 0.983 1.85 "" "" ""
"" 400.0 248.2 57.2 600.0 0.0244 "" "" 1.0 14.1 10.0 5.0 0.983 0.603 "" "" ""
"" 400.0 484.8 52.1 600.0 0.0244 "" "" 1.0 12.7 10.0 5.0 0.983 1.13 "" "" ""
"" 400.0 642.1 67.5 600.0 0.0244 "" "" 1.0 18.7 10.0 5.0 0.983 0.348 "" "" ""
"" 400.0 624.2 116.5 600.0 0.0244 "" "" 1.0 43.9 10.0 5.0 0.983 0.397 "" "" ""
"" 400.0 1016.5 22.4 600.0 0.0244 "" "" 1.0 12.2 10.0 5.0 0.983 4.42 "" "" ""
"" 400.0 846.2 45.8 600.0 0.0244 "" "" 1.0 10.8 10.0 5.0 0.983 0.66 "" "" ""
"" 400.0 393.1 165.5 600.0 0.0244 "" "" 1.0 13.7 10.0 5.0 0.983 3.94 "" "" ""
"" 400.0 895.3 115.6 600.0 0.0244 "" "" 1.0 9.4 10.0 5.0 0.983 0.601 "" "" ""
"" 400.0 827.8 44.5 600.0 0.0244 "" "" 1.0 10.6 10.0 5.0 0.983 1.31 "" "" ""
"" 400.0 419.1 20.2 600.0 0.0244 "" "" 1.0 37.8 10.0 5.0 0.983 2.25 "" "" ""
"" 400.0 1089.7 23.1 600.0 0.0244 "" "" 1.0 15.6 10.0 5.0 0.983 1.76 "" "" ""
"" 400.0 470.0 22.6 600.0 0.0244 "" "" 1.0 20.8 10.0 5.0 0.983 0.33 "" "" ""
"" 400.0 565.0 22.1 600.0 0.0244 "" "" 1.0 10.8 10.0 5.0 0.983 0.948 "" "" ""
"" 400.0 368.8 47.1 600.0 0.0244 "" "" 1.0 11.4 10.0 5.0 0.983 1.04 "" "" ""
"" 400.0 865.3 165.3 600.0 0.0244 "" "" 1.0 11.4 10.0 5.0 0.983 1.59 "" "" ""
"" 400.0 424.9 47.3 600.0 0.0244 "" "" 1.0 9.6 10.0 5.0 0.983 1.11 "" "" ""
"" 400.0 1300.1 54.7 600.0 0.0244 "" "" 1.0 16.1 10.0 5.0 0.983 1.55 "" "" ""
"" 400.0 1229.6 35.3 600.0 0.0244 "" "" 1.0 15.6 10.0 5.0 0.983 1.38 "" "" ""
"" 400.0 584.9 482.6 600.0 0.0244 "" "" 1.0 15.9 10.0 5.0 0.983 8.5 "" "" ""
"" 400.0 128.2 48.8 600.0 0.0244 "" "" 1.0 57.6 10.0 5.0 0.983 0.38 "" "" ""
"" 400.0 969.4 27.0 600.0 0.0244 "" "" 1.0 33.0 10.0 5.0 0.983 0.374 "" "" ""
"" 400.0 400.6 99.1 600.0 0.0244 "" "" 1.0 22.5 10.0 5.0 0.983 0.893 "" "" ""
"" 400.0 335.6 188.0 600.0 0.0244 "" "" 1.0 25.0 10.0 5.0 0.983 0.377 "" "" ""
"" 400.0 432.5 79.7 600.0 0.0244 "" "" 1.0 21.8 10.0 5.0 0.983 0.649 "" "" ""
"" 400.0 787.8 41.9 600.0 0.0244 "" "" 1.0 29.3 10.0 5.0 0.983 4.04 "" "" ""
"" 400.0 424.1 186.4 600.0 0.0244 "" "" 1.0 25.1 10.0 5.0 0.983 0.51 "" "" ""
"" 400.0 1656.5 48.8 600.0 0.0244 "" "" 1.0 10.9 10.0 5.0 0.983 1.069 "" "" ""
"" 400.0 562.5 44.0 600.0 0.0244 "" "" 1.0 97.7 10.0 5.0 0.983 1.736 "" "" ""
"" 400.0 480.3 112.7 600.0 0.0244 "" "" 1.0 11.0 10.0 5.0 0.983 2.07 "" "" ""
"" 400.0 581.9 54.9 600.0 0.0244 "" "" 1.0 57.6 10.0 5.0 0.983 0.648 "" "" ""
"" 400.0 228.9 77.2 600.0 0.0244 "" "" 1.0 33.4 10.0 5.0 0.983 0.548 "" "" ""
"" 400.0 1082.2 74.2 600.0 0.0244 "" "" 1.0 9.6 10.0 5.0 0.983 0.98 "" "" ""
"" 400.0 445.5 19.9 600.0 0.0244 "" "" 2.0 15.8 10.0 5.0 0.983 5.54 "" "" ""
