papers/Repeaters/Surveys/CHIME_decbin_3_of_6.ecsv
# %ECSV 1.0
# ---
# datatype:
# - {name: TNS, datatype: string, subtype: 'float64[null]'}
# - {name: BW, datatype: float64}
# - {name: DM, datatype: float64}
# - {name: DMG, datatype: float64}
# - {name: FBAR, datatype: float64}
# - {name: FRES, datatype: float64}
# - {name: Gb, datatype: string, subtype: 'float64[null]'}
# - {name: Gl, datatype: string, subtype: 'float64[null]'}
# - {name: NREP, datatype: float64}
# - {name: SNR, datatype: float64}
# - {name: SNRTHRESH, datatype: float64}
# - {name: THRESH, datatype: float64}
# - {name: TRES, datatype: float64}
# - {name: WIDTH, datatype: float64}
# - {name: XDec, datatype: string, subtype: 'float64[null]'}
# - {name: XRA, datatype: string, subtype: 'float64[null]'}
# - {name: Z, datatype: string, subtype: 'float64[null]'}
# meta: !!omap
# - {survey_data: "{\n    \"observing\": {\n        \"NORM_FRB\": 234,\n        \"TOBS\": 2.2319607791102194\n    },\n    \"telescope\"\
#     : {\n        \"BEAM\": \"chime_bound_3_of_6\",\n        \"DIAM\": -1.0,\n        \"NBEAMS\": 1,\n        \"NBINS\": 1\n    }\n}"}
# schema: astropy-2.0
TNS BW DM DMG FBAR FRES Gb Gl NREP SNR SNRTHRESH THRESH TRES WIDTH XDec XRA Z
"" 400.0 715.8 71.6 600.0 0.0244 "" "" 1.0 19.2 10.0 5.0 0.983 0.296 "" "" ""
"" 400.0 109.6 30.8 600.0 0.0244 "" "" 1.0 32.0 10.0 5.0 0.983 0.0 "" "" ""
"" 400.0 317.2 94.0 600.0 0.0244 "" "" 1.0 12.4 10.0 5.0 0.983 0.314 "" "" ""
"" 400.0 655.7 90.1 600.0 0.0244 "" "" 1.0 20.4 10.0 5.0 0.983 0.58 "" "" ""
"" 400.0 739.9 40.6 600.0 0.0244 "" "" 1.0 13.9 10.0 5.0 0.983 1.41 "" "" ""
"" 400.0 238.3 41.1 600.0 0.0244 "" "" 1.0 18.7 10.0 5.0 0.983 0.83 "" "" ""
"" 400.0 1006.8 27.7 600.0 0.0244 "" "" 1.0 45.6 10.0 5.0 0.983 1.89 "" "" ""
"" 400.0 3038.1 31.4 600.0 0.0244 "" "" 1.0 10.7 10.0 5.0 0.983 0.0 "" "" ""
"" 400.0 638.2 91.4 600.0 0.0244 "" "" 1.0 11.3 10.0 5.0 0.983 0.0 "" "" ""
"" 400.0 383.4 30.5 600.0 0.0244 "" "" 1.0 12.2 10.0 5.0 0.983 4.15 "" "" ""
"" 400.0 408.6 49.8 600.0 0.0244 "" "" 1.0 11.0 10.0 5.0 0.983 6.31 "" "" ""
"" 400.0 2252.9 73.9 600.0 0.0244 "" "" 1.0 11.1 10.0 5.0 0.983 4.06 "" "" ""
"" 400.0 857.0 43.1 600.0 0.0244 "" "" 1.0 16.5 10.0 5.0 0.983 2.47 "" "" ""
"" 400.0 1454.0 80.0 600.0 0.0244 "" "" 1.0 14.0 10.0 5.0 0.983 0.55 "" "" ""
"" 400.0 463.4 33.2 600.0 0.0244 "" "" 1.0 10.5 10.0 5.0 0.983 2.33 "" "" ""
"" 400.0 555.7 141.3 600.0 0.0244 "" "" 1.0 24.5 10.0 5.0 0.983 0.806 "" "" ""
"" 400.0 219.4 100.0 600.0 0.0244 "" "" 1.0 16.1 10.0 5.0 0.983 0.15 "" "" ""
"" 400.0 329.4 30.7 600.0 0.0244 "" "" 1.0 48.1 10.0 5.0 0.983 0.0 "" "" ""
"" 400.0 237.7 70.6 600.0 0.0244 "" "" 1.0 11.3 10.0 5.0 0.983 4.52 "" "" ""
"" 400.0 715.2 33.5 600.0 0.0244 "" "" 1.0 11.8 10.0 5.0 0.983 0.56 "" "" ""
"" 400.0 277.5 85.8 600.0 0.0244 "" "" 1.0 11.7 10.0 5.0 0.983 2.8 "" "" ""
"" 400.0 345.3 80.8 600.0 0.0244 "" "" 1.0 10.7 10.0 5.0 0.983 0.86 "" "" ""
"" 400.0 1314.9 186.7 600.0 0.0244 "" "" 1.0 18.2 10.0 5.0 0.983 2.05 "" "" ""
"" 400.0 752.2 59.9 600.0 0.0244 "" "" 1.0 10.1 10.0 5.0 0.983 0.79 "" "" ""
"" 400.0 307.4 43.7 600.0 0.0244 "" "" 1.0 12.6 10.0 5.0 0.983 2.31 "" "" ""
"" 400.0 1129.4 120.9 600.0 0.0244 "" "" 1.0 10.8 10.0 5.0 0.983 8.5 "" "" ""
"" 400.0 293.9 113.2 600.0 0.0244 "" "" 1.0 35.6 10.0 5.0 0.983 0.478 "" "" ""
"" 400.0 725.2 159.8 600.0 0.0244 "" "" 1.0 11.3 10.0 5.0 0.983 1.3 "" "" ""
"" 400.0 501.6 39.2 600.0 0.0244 "" "" 1.0 11.5 10.0 5.0 0.983 0.723 "" "" ""
"" 400.0 592.6 61.7 600.0 0.0244 "" "" 1.0 18.8 10.0 5.0 0.983 0.355 "" "" ""
"" 400.0 1472.7 144.9 600.0 0.0244 "" "" 1.0 14.1 10.0 5.0 0.983 6.03 "" "" ""
"" 400.0 981.6 40.0 600.0 0.0244 "" "" 1.0 18.8 10.0 5.0 0.983 1.83 "" "" ""
"" 400.0 409.9 36.4 600.0 0.0244 "" "" 1.0 16.0 10.0 5.0 0.983 0.642 "" "" ""
"" 400.0 959.3 38.1 600.0 0.0244 "" "" 1.0 12.2 10.0 5.0 0.983 2.34 "" "" ""
"" 400.0 1169.8 220.3 600.0 0.0244 "" "" 1.0 11.2 10.0 5.0 0.983 1.48 "" "" ""
"" 400.0 662.8 196.1 600.0 0.0244 "" "" 1.0 12.2 10.0 5.0 0.983 0.68 "" "" ""
"" 400.0 798.7 103.8 600.0 0.0244 "" "" 1.0 17.0 10.0 5.0 0.983 0.58 "" "" ""
"" 400.0 1108.5 34.4 600.0 0.0244 "" "" 1.0 10.4 10.0 5.0 0.983 1.47 "" "" ""
"" 400.0 618.4 49.1 600.0 0.0244 "" "" 1.0 11.0 10.0 5.0 0.983 0.0 "" "" ""
"" 400.0 146.5 32.7 600.0 0.0244 "" "" 1.0 47.0 10.0 5.0 0.983 1.071 "" "" ""
"" 400.0 386.0 86.8 600.0 0.0244 "" "" 1.0 25.4 10.0 5.0 0.983 0.588 "" "" ""
"" 400.0 502.2 26.5 600.0 0.0244 "" "" 1.0 18.3 10.0 5.0 0.983 1.18 "" "" ""
"" 400.0 220.1 95.1 600.0 0.0244 "" "" 1.0 20.9 10.0 5.0 0.983 0.48 "" "" ""
"" 400.0 694.4 24.0 600.0 0.0244 "" "" 1.0 17.8 10.0 5.0 0.983 4.8 "" "" ""
"" 400.0 876.6 51.3 600.0 0.0244 "" "" 1.0 14.2 10.0 5.0 0.983 2.24 "" "" ""
"" 400.0 825.9 33.7 600.0 0.0244 "" "" 1.0 16.1 10.0 5.0 0.983 0.61 "" "" ""
"" 400.0 557.2 126.5 600.0 0.0244 "" "" 1.0 10.4 10.0 5.0 0.983 0.49 "" "" ""
"" 400.0 2444.6 37.5 600.0 0.0244 "" "" 1.0 10.3 10.0 5.0 0.983 3.65 "" "" ""
"" 400.0 562.8 45.2 600.0 0.0244 "" "" 1.0 22.3 10.0 5.0 0.983 0.93 "" "" ""
"" 400.0 328.7 65.7 600.0 0.0244 "" "" 1.0 24.2 10.0 5.0 0.983 0.597 "" "" ""
"" 400.0 678.7 48.6 600.0 0.0244 "" "" 1.0 16.1 10.0 5.0 0.983 1.359 "" "" ""
"" 400.0 626.6 30.6 600.0 0.0244 "" "" 1.0 12.3 10.0 5.0 0.983 0.85 "" "" ""
"" 400.0 380.7 30.5 600.0 0.0244 "" "" 1.0 11.7 10.0 5.0 0.983 1.25 "" "" ""
"" 400.0 468.1 184.2 600.0 0.0244 "" "" 1.0 25.4 10.0 5.0 0.983 0.533 "" "" ""
"" 400.0 1120.7 42.0 600.0 0.0244 "" "" 1.0 10.2 10.0 5.0 0.983 1.09 "" "" ""
"" 400.0 632.8 33.3 600.0 0.0244 "" "" 1.0 29.1 10.0 5.0 0.983 0.631 "" "" ""
"" 400.0 1177.3 26.0 600.0 0.0244 "" "" 1.0 18.2 10.0 5.0 0.983 0.99 "" "" ""
"" 400.0 412.6 128.5 600.0 0.0244 "" "" 1.0 9.2 10.0 5.0 0.983 1.34 "" "" ""
"" 400.0 494.0 40.6 600.0 0.0244 "" "" 1.0 24.8 10.0 5.0 0.983 0.559 "" "" ""
"" 400.0 542.7 146.7 600.0 0.0244 "" "" 1.0 11.0 10.0 5.0 0.983 0.22 "" "" ""
"" 400.0 1177.2 69.8 600.0 0.0244 "" "" 1.0 12.5 10.0 5.0 0.983 1.015 "" "" ""
"" 400.0 1874.4 147.2 600.0 0.0244 "" "" 1.0 18.6 10.0 5.0 0.983 1.39 "" "" ""
"" 400.0 753.4 169.6 600.0 0.0244 "" "" 1.0 10.9 10.0 5.0 0.983 1.69 "" "" ""
"" 400.0 384.2 64.4 600.0 0.0244 "" "" 1.0 9.2 10.0 5.0 0.983 5.2 "" "" ""
"" 400.0 1952.2 37.3 600.0 0.0244 "" "" 1.0 23.1 10.0 5.0 0.983 0.574 "" "" ""
"" 400.0 209.4 125.8 600.0 0.0244 "" "" 1.0 27.6 10.0 5.0 0.983 0.435 "" "" ""
"" 400.0 1104.9 46.4 600.0 0.0244 "" "" 1.0 11.0 10.0 5.0 0.983 1.52 "" "" ""
"" 400.0 1417.1 31.2 600.0 0.0244 "" "" 1.0 10.5 10.0 5.0 0.983 3.75 "" "" ""
"" 400.0 310.2 85.0 600.0 0.0244 "" "" 1.0 65.0 10.0 5.0 0.983 0.387 "" "" ""
"" 400.0 781.0 121.3 600.0 0.0244 "" "" 1.0 14.0 10.0 5.0 0.983 0.92 "" "" ""
"" 400.0 596.3 55.3 600.0 0.0244 "" "" 1.0 13.3 10.0 5.0 0.983 2.37 "" "" ""
"" 400.0 690.2 31.4 600.0 0.0244 "" "" 1.0 11.2 10.0 5.0 0.983 1.6 "" "" ""
"" 400.0 409.0 94.0 600.0 0.0244 "" "" 1.0 18.8 10.0 5.0 0.983 0.63 "" "" ""
"" 400.0 308.8 68.9 600.0 0.0244 "" "" 1.0 16.5 10.0 5.0 0.983 1.169 "" "" ""
"" 400.0 791.2 89.0 600.0 0.0244 "" "" 1.0 9.2 10.0 5.0 0.983 0.748 "" "" ""
"" 400.0 568.7 40.0 600.0 0.0244 "" "" 1.0 15.5 10.0 5.0 0.983 0.0 "" "" ""
"" 400.0 510.7 45.6 600.0 0.0244 "" "" 1.0 11.1 10.0 5.0 0.983 0.88 "" "" ""
"" 400.0 955.6 43.0 600.0 0.0244 "" "" 1.0 23.6 10.0 5.0 0.983 0.376 "" "" ""
"" 400.0 1037.2 36.9 600.0 0.0244 "" "" 1.0 14.3 10.0 5.0 0.983 0.76 "" "" ""
"" 400.0 224.0 40.6 600.0 0.0244 "" "" 1.0 13.3 10.0 5.0 0.983 0.419 "" "" ""
"" 400.0 197.2 46.9 600.0 0.0244 "" "" 1.0 33.2 10.0 5.0 0.983 0.337 "" "" ""
"" 400.0 556.1 35.5 600.0 0.0244 "" "" 1.0 18.2 10.0 5.0 0.983 0.0 "" "" ""
"" 400.0 1913.6 33.3 600.0 0.0244 "" "" 1.0 10.5 10.0 5.0 0.983 0.0 "" "" ""
"" 400.0 736.2 45.6 600.0 0.0244 "" "" 1.0 9.1 10.0 5.0 0.983 1.03 "" "" ""
"" 400.0 383.6 46.4 600.0 0.0244 "" "" 1.0 10.9 10.0 5.0 0.983 3.9 "" "" ""
"" 400.0 340.1 88.9 600.0 0.0244 "" "" 1.0 9.6 10.0 5.0 0.983 0.94 "" "" ""
"" 400.0 316.6 141.7 600.0 0.0244 "" "" 1.0 41.2 10.0 5.0 0.983 0.578 "" "" ""
"" 400.0 472.8 188.6 600.0 0.0244 "" "" 1.0 29.1 10.0 5.0 0.983 0.203 "" "" ""
"" 400.0 486.1 45.5 600.0 0.0244 "" "" 1.0 12.3 10.0 5.0 0.983 0.75 "" "" ""
"" 400.0 222.0 35.7 600.0 0.0244 "" "" 1.0 15.6 10.0 5.0 0.983 0.39 "" "" ""
"" 400.0 425.8 42.0 600.0 0.0244 "" "" 1.0 27.8 10.0 5.0 0.983 1.64 "" "" ""
"" 400.0 1021.7 186.4 600.0 0.0244 "" "" 1.0 10.4 10.0 5.0 0.983 0.89 "" "" ""
"" 400.0 629.3 41.9 600.0 0.0244 "" "" 1.0 74.4 10.0 5.0 0.983 0.708 "" "" ""
"" 400.0 1164.0 78.5 600.0 0.0244 "" "" 1.0 11.5 10.0 5.0 0.983 1.04 "" "" ""
"" 400.0 1491.0 128.4 600.0 0.0244 "" "" 1.0 11.9 10.0 5.0 0.983 0.607 "" "" ""
"" 400.0 316.9 46.8 600.0 0.0244 "" "" 1.0 13.6 10.0 5.0 0.983 1.23 "" "" ""
"" 400.0 865.9 53.3 600.0 0.0244 "" "" 1.0 10.2 10.0 5.0 0.983 0.77 "" "" ""
"" 400.0 425.4 87.4 600.0 0.0244 "" "" 1.0 31.3 10.0 5.0 0.983 1.08 "" "" ""
"" 400.0 1275.9 176.6 600.0 0.0244 "" "" 1.0 14.4 10.0 5.0 0.983 2.27 "" "" ""
"" 400.0 178.2 33.2 600.0 0.0244 "" "" 1.0 13.2 10.0 5.0 0.983 2.47 "" "" ""
"" 400.0 749.2 54.2 600.0 0.0244 "" "" 1.0 19.8 10.0 5.0 0.983 0.8 "" "" ""
"" 400.0 420.6 45.9 600.0 0.0244 "" "" 1.0 32.0 10.0 5.0 0.983 0.55 "" "" ""
"" 400.0 582.2 45.8 600.0 0.0244 "" "" 1.0 9.0 10.0 5.0 0.983 0.3 "" "" ""
"" 400.0 449.6 36.1 600.0 0.0244 "" "" 1.0 10.1 10.0 5.0 0.983 1.81 "" "" ""
"" 400.0 1464.9 45.5 600.0 0.0244 "" "" 1.0 28.0 10.0 5.0 0.983 1.022 "" "" ""
"" 400.0 1043.0 38.3 600.0 0.0244 "" "" 1.0 9.3 10.0 5.0 0.983 2.01 "" "" ""
"" 400.0 359.1 141.2 600.0 0.0244 "" "" 1.0 20.6 10.0 5.0 0.983 0.58 "" "" ""
"" 400.0 1188.3 103.9 600.0 0.0244 "" "" 1.0 20.2 10.0 5.0 0.983 0.36 "" "" ""
"" 400.0 260.7 84.5 600.0 0.0244 "" "" 1.0 12.7 10.0 5.0 0.983 0.0 "" "" ""
"" 400.0 600.2 41.2 600.0 0.0244 "" "" 1.0 29.0 10.0 5.0 0.983 0.226 "" "" ""
"" 400.0 1139.8 35.4 600.0 0.0244 "" "" 1.0 9.7 10.0 5.0 0.983 1.05 "" "" ""
"" 400.0 357.1 176.0 600.0 0.0244 "" "" 1.0 9.9 10.0 5.0 0.983 0.646 "" "" ""
"" 400.0 1346.8 234.5 600.0 0.0244 "" "" 1.0 18.7 10.0 5.0 0.983 0.626 "" "" ""
"" 400.0 497.7 69.8 600.0 0.0244 "" "" 1.0 11.4 10.0 5.0 0.983 14.5 "" "" ""
"" 400.0 274.6 136.2 600.0 0.0244 "" "" 1.0 44.5 10.0 5.0 0.983 0.864 "" "" ""
"" 400.0 798.1 110.7 600.0 0.0244 "" "" 1.0 15.4 10.0 5.0 0.983 0.86 "" "" ""
"" 400.0 1285.1 31.4 600.0 0.0244 "" "" 1.0 13.7 10.0 5.0 0.983 1.41 "" "" ""
"" 400.0 319.3 43.7 600.0 0.0244 "" "" 1.0 67.5 10.0 5.0 0.983 0.206 "" "" ""
"" 400.0 657.2 78.8 600.0 0.0244 "" "" 1.0 23.0 10.0 5.0 0.983 1.592 "" "" ""
"" 400.0 1681.1 37.7 600.0 0.0244 "" "" 1.0 29.1 10.0 5.0 0.983 2.42 "" "" ""
"" 400.0 806.7 124.1 600.0 0.0244 "" "" 1.0 9.1 10.0 5.0 0.983 2.08 "" "" ""
"" 400.0 216.1 40.9 600.0 0.0244 "" "" 1.0 10.3 10.0 5.0 0.983 0.55 "" "" ""
"" 400.0 2042.3 220.6 600.0 0.0244 "" "" 1.0 19.3 10.0 5.0 0.983 1.18 "" "" ""
"" 400.0 473.8 189.6 600.0 0.0244 "" "" 1.0 10.0 10.0 5.0 0.983 0.774 "" "" ""
"" 400.0 524.0 29.5 600.0 0.0244 "" "" 1.0 16.2 10.0 5.0 0.983 0.676 "" "" ""
"" 400.0 536.5 124.7 600.0 0.0244 "" "" 1.0 9.0 10.0 5.0 0.983 0.654 "" "" ""
"" 400.0 435.9 33.1 600.0 0.0244 "" "" 1.0 46.5 10.0 5.0 0.983 0.549 "" "" ""
"" 400.0 631.6 50.7 600.0 0.0244 "" "" 1.0 9.2 10.0 5.0 0.983 4.0 "" "" ""
"" 400.0 394.0 63.4 600.0 0.0244 "" "" 1.0 63.4 10.0 5.0 0.983 1.296 "" "" ""
"" 400.0 331.2 23.9 600.0 0.0244 "" "" 1.0 9.4 10.0 5.0 0.983 0.403 "" "" ""
"" 400.0 621.3 82.8 600.0 0.0244 "" "" 1.0 9.3 10.0 5.0 0.983 1.32 "" "" ""
"" 400.0 1160.7 53.1 600.0 0.0244 "" "" 1.0 10.4 10.0 5.0 0.983 0.0 "" "" ""
"" 400.0 1034.2 220.7 600.0 0.0244 "" "" 1.0 20.4 10.0 5.0 0.983 7.1 "" "" ""
"" 400.0 193.5 47.1 600.0 0.0244 "" "" 1.0 52.3 10.0 5.0 0.983 0.715 "" "" ""
"" 400.0 711.2 37.1 600.0 0.0244 "" "" 1.0 9.8 10.0 5.0 0.983 0.81 "" "" ""
"" 400.0 483.7 49.8 600.0 0.0244 "" "" 1.0 22.3 10.0 5.0 0.983 0.408 "" "" ""
"" 400.0 500.5 23.1 600.0 0.0244 "" "" 1.0 22.3 10.0 5.0 0.983 0.55 "" "" ""
"" 400.0 356.9 58.6 600.0 0.0244 "" "" 1.0 9.3 10.0 5.0 0.983 0.581 "" "" ""
"" 400.0 1191.2 59.8 600.0 0.0244 "" "" 1.0 14.1 10.0 5.0 0.983 0.64 "" "" ""
"" 400.0 1157.3 138.0 600.0 0.0244 "" "" 1.0 9.3 10.0 5.0 0.983 0.71 "" "" ""
"" 400.0 424.3 80.6 600.0 0.0244 "" "" 1.0 9.9 10.0 5.0 0.983 1.25 "" "" ""
"" 400.0 1118.1 33.3 600.0 0.0244 "" "" 1.0 53.6 10.0 5.0 0.983 1.7 "" "" ""
"" 400.0 419.3 85.4 600.0 0.0244 "" "" 1.0 24.8 10.0 5.0 0.983 0.93 "" "" ""
"" 400.0 614.1 143.9 600.0 0.0244 "" "" 1.0 15.7 10.0 5.0 0.983 1.18 "" "" ""
"" 400.0 489.5 37.7 600.0 0.0244 "" "" 1.0 17.9 10.0 5.0 0.983 0.932 "" "" ""
"" 400.0 1141.3 43.8 600.0 0.0244 "" "" 1.0 12.5 10.0 5.0 0.983 5.8 "" "" ""
"" 400.0 1060.1 63.6 600.0 0.0244 "" "" 1.0 19.0 10.0 5.0 0.983 2.83 "" "" ""
"" 400.0 577.0 47.0 600.0 0.0244 "" "" 1.0 10.1 10.0 5.0 0.983 1.3 "" "" ""
"" 400.0 1192.1 65.8 600.0 0.0244 "" "" 1.0 53.1 10.0 5.0 0.983 0.14 "" "" ""
"" 400.0 789.6 40.3 600.0 0.0244 "" "" 1.0 57.2 10.0 5.0 0.983 0.134 "" "" ""
"" 400.0 381.1 23.6 600.0 0.0244 "" "" 1.0 11.5 10.0 5.0 0.983 0.31 "" "" ""
"" 400.0 763.6 162.4 600.0 0.0244 "" "" 1.0 9.4 10.0 5.0 0.983 5.43 "" "" ""
"" 400.0 797.8 188.4 600.0 0.0244 "" "" 1.0 11.7 10.0 5.0 0.983 3.2 "" "" ""
"" 400.0 283.3 40.7 600.0 0.0244 "" "" 1.0 11.7 10.0 5.0 0.983 0.457 "" "" ""
"" 400.0 1303.6 51.8 600.0 0.0244 "" "" 1.0 10.2 10.0 5.0 0.983 7.4 "" "" ""
"" 400.0 188.6 87.8 600.0 0.0244 "" "" 1.0 11.7 10.0 5.0 0.983 1.04 "" "" ""
"" 400.0 406.1 66.0 600.0 0.0244 "" "" 1.0 15.3 10.0 5.0 0.983 0.42 "" "" ""
"" 400.0 1256.4 60.4 600.0 0.0244 "" "" 1.0 26.7 10.0 5.0 0.983 1.262 "" "" ""
"" 400.0 668.1 48.9 600.0 0.0244 "" "" 1.0 44.9 10.0 5.0 0.983 0.342 "" "" ""
"" 400.0 1291.7 26.4 600.0 0.0244 "" "" 1.0 10.9 10.0 5.0 0.983 5.33 "" "" ""
"" 400.0 935.0 38.9 600.0 0.0244 "" "" 1.0 9.0 10.0 5.0 0.983 0.87 "" "" ""
"" 400.0 489.4 45.0 600.0 0.0244 "" "" 1.0 134.0 10.0 5.0 0.983 0.331 "" "" ""
"" 400.0 863.4 46.0 600.0 0.0244 "" "" 1.0 9.2 10.0 5.0 0.983 0.839 "" "" ""
"" 400.0 285.6 47.8 600.0 0.0244 "" "" 1.0 12.3 10.0 5.0 0.983 2.34 "" "" ""
"" 400.0 674.6 43.0 600.0 0.0244 "" "" 1.0 11.2 10.0 5.0 0.983 1.08 "" "" ""
"" 400.0 364.7 37.5 600.0 0.0244 "" "" 1.0 42.0 10.0 5.0 0.983 1.243 "" "" ""
"" 400.0 812.0 20.2 600.0 0.0244 "" "" 1.0 13.5 10.0 5.0 0.983 1.95 "" "" ""
"" 400.0 506.5 37.8 600.0 0.0244 "" "" 1.0 13.6 10.0 5.0 0.983 4.57 "" "" ""
"" 400.0 633.7 37.0 600.0 0.0244 "" "" 1.0 12.1 10.0 5.0 0.983 2.48 "" "" ""
"" 400.0 723.0 155.4 600.0 0.0244 "" "" 1.0 29.6 10.0 5.0 0.983 3.61 "" "" ""
"" 400.0 1161.2 35.0 600.0 0.0244 "" "" 1.0 14.9 10.0 5.0 0.983 1.9 "" "" ""
"" 400.0 320.2 122.0 600.0 0.0244 "" "" 1.0 52.2 10.0 5.0 0.983 0.413 "" "" ""
"" 400.0 440.0 62.3 600.0 0.0244 "" "" 1.0 10.6 10.0 5.0 0.983 1.85 "" "" ""
"" 400.0 609.1 65.7 600.0 0.0244 "" "" 1.0 15.9 10.0 5.0 0.983 0.77 "" "" ""
"" 400.0 846.8 67.4 600.0 0.0244 "" "" 1.0 28.0 10.0 5.0 0.983 0.3 "" "" ""
"" 400.0 392.2 96.4 600.0 0.0244 "" "" 1.0 78.9 10.0 5.0 0.983 1.123 "" "" ""
"" 400.0 977.4 34.1 600.0 0.0244 "" "" 1.0 11.1 10.0 5.0 0.983 3.24 "" "" ""
"" 400.0 242.6 31.6 600.0 0.0244 "" "" 1.0 39.0 10.0 5.0 0.983 2.366 "" "" ""
"" 400.0 758.7 35.5 600.0 0.0244 "" "" 1.0 18.1 10.0 5.0 0.983 0.666 "" "" ""
"" 400.0 340.7 55.9 600.0 0.0244 "" "" 1.0 23.9 10.0 5.0 0.983 0.398 "" "" ""
"" 400.0 470.9 57.6 600.0 0.0244 "" "" 1.0 9.7 10.0 5.0 0.983 1.25 "" "" ""
"" 400.0 2619.4 36.4 600.0 0.0244 "" "" 1.0 10.0 10.0 5.0 0.983 0.0 "" "" ""
"" 400.0 784.1 43.6 600.0 0.0244 "" "" 1.0 24.3 10.0 5.0 0.983 0.84 "" "" ""
"" 400.0 625.8 35.0 600.0 0.0244 "" "" 1.0 67.5 10.0 5.0 0.983 0.849 "" "" ""
"" 400.0 918.6 33.8 600.0 0.0244 "" "" 1.0 59.7 10.0 5.0 0.983 1.201 "" "" ""
"" 400.0 450.5 157.4 600.0 0.0244 "" "" 1.0 20.9 10.0 5.0 0.983 1.77 "" "" ""
"" 400.0 1180.1 93.3 600.0 0.0244 "" "" 1.0 9.4 10.0 5.0 0.983 2.3 "" "" ""
"" 400.0 524.9 63.0 600.0 0.0244 "" "" 1.0 20.2 10.0 5.0 0.983 0.666 "" "" ""
"" 400.0 539.8 30.5 600.0 0.0244 "" "" 1.0 18.6 10.0 5.0 0.983 1.83 "" "" ""
"" 400.0 693.8 27.5 600.0 0.0244 "" "" 1.0 17.0 10.0 5.0 0.983 0.414 "" "" ""
"" 400.0 797.8 42.1 600.0 0.0244 "" "" 1.0 20.2 10.0 5.0 0.983 1.36 "" "" ""
"" 400.0 430.1 73.5 600.0 0.0244 "" "" 1.0 28.3 10.0 5.0 0.983 3.06 "" "" ""
"" 400.0 535.4 73.8 600.0 0.0244 "" "" 1.0 48.7 10.0 5.0 0.983 0.491 "" "" ""
"" 400.0 704.5 165.5 600.0 0.0244 "" "" 1.0 10.6 10.0 5.0 0.983 1.04 "" "" ""
"" 400.0 555.4 139.2 600.0 0.0244 "" "" 1.0 11.5 10.0 5.0 0.983 1.02 "" "" ""
"" 400.0 168.0 43.1 600.0 0.0244 "" "" 1.0 55.3 10.0 5.0 0.983 0.67 "" "" ""
"" 400.0 478.2 132.4 600.0 0.0244 "" "" 1.0 9.7 10.0 5.0 0.983 1.45 "" "" ""
"" 400.0 2227.9 33.0 600.0 0.0244 "" "" 1.0 15.1 10.0 5.0 0.983 1.72 "" "" ""
"" 400.0 504.3 100.3 600.0 0.0244 "" "" 1.0 11.8 10.0 5.0 0.983 1.54 "" "" ""
"" 400.0 515.6 163.9 600.0 0.0244 "" "" 1.0 45.1 10.0 5.0 0.983 5.41 "" "" ""
"" 400.0 233.0 51.4 600.0 0.0244 "" "" 1.0 21.1 10.0 5.0 0.983 1.19 "" "" ""
"" 400.0 289.4 138.3 600.0 0.0244 "" "" 1.0 15.8 10.0 5.0 0.983 0.916 "" "" ""
"" 400.0 511.7 57.5 600.0 0.0244 "" "" 1.0 16.6 10.0 5.0 0.983 1.58 "" "" ""
"" 400.0 432.3 41.7 600.0 0.0244 "" "" 1.0 16.6 10.0 5.0 0.983 1.94 "" "" ""
"" 400.0 1641.6 107.8 600.0 0.0244 "" "" 1.0 38.7 10.0 5.0 0.983 0.925 "" "" ""
"" 400.0 285.1 168.8 600.0 0.0244 "" "" 1.0 37.7 10.0 5.0 0.983 0.426 "" "" ""
"" 400.0 899.9 37.6 600.0 0.0244 "" "" 1.0 14.3 10.0 5.0 0.983 0.939 "" "" ""
"" 400.0 378.5 64.0 600.0 0.0244 "" "" 1.0 13.4 10.0 5.0 0.983 1.39 "" "" ""
"" 400.0 1061.2 30.7 600.0 0.0244 "" "" 1.0 11.4 10.0 5.0 0.983 1.38 "" "" ""
"" 400.0 1556.8 143.8 600.0 0.0244 "" "" 1.0 25.3 10.0 5.0 0.983 0.0 "" "" ""
"" 400.0 973.8 37.8 600.0 0.0244 "" "" 1.0 15.3 10.0 5.0 0.983 1.52 "" "" ""
"" 400.0 213.9 69.7 600.0 0.0244 "" "" 1.0 39.1 10.0 5.0 0.983 0.372 "" "" ""
"" 400.0 430.3 42.0 600.0 0.0244 "" "" 1.0 56.2 10.0 5.0 0.983 0.444 "" "" ""
"" 400.0 968.6 48.0 600.0 0.0244 "" "" 1.0 49.9 10.0 5.0 0.983 0.82 "" "" ""
"" 400.0 2002.2 132.0 600.0 0.0244 "" "" 1.0 12.0 10.0 5.0 0.983 0.0 "" "" ""
"" 400.0 745.8 29.8 600.0 0.0244 "" "" 1.0 10.9 10.0 5.0 0.983 0.477 "" "" ""
"" 400.0 1748.4 98.8 600.0 0.0244 "" "" 1.0 10.0 10.0 5.0 0.983 4.2 "" "" ""
"" 400.0 652.1 150.5 600.0 0.0244 "" "" 1.0 48.3 10.0 5.0 0.983 1.87 "" "" ""
"" 400.0 637.1 54.3 600.0 0.0244 "" "" 1.0 12.1 10.0 5.0 0.983 0.608 "" "" ""
"" 400.0 933.4 56.0 600.0 0.0244 "" "" 1.0 34.4 10.0 5.0 0.983 1.4 "" "" ""
"" 400.0 890.5 42.4 600.0 0.0244 "" "" 1.0 15.2 10.0 5.0 0.983 0.42 "" "" ""
"" 400.0 189.3 87.8 600.0 0.0244 "" "" 11.0 11.0 10.0 5.0 0.983 2.54 "" "" ""
"" 400.0 195.2 38.2 600.0 0.0244 "" "" 2.0 11.3 10.0 5.0 0.983 1.882 "" "" ""
"" 400.0 349.3 198.9 600.0 0.0244 "" "" 19.0 18.7 10.0 5.0 0.983 0.765 "" "" ""
"" 400.0 1281.9 42.9 600.0 0.0244 "" "" 2.0 12.9 10.0 5.0 0.983 2.77 "" "" ""
"" 400.0 103.4 41.1 600.0 0.0244 "" "" 2.0 11.5 10.0 5.0 0.983 0.695 "" "" ""
"" 400.0 364.1 33.8 600.0 0.0244 "" "" 3.0 11.1 10.0 5.0 0.983 6.84 "" "" ""
"" 400.0 450.4 112.4 600.0 0.0244 "" "" 3.0 23.4 10.0 5.0 0.983 1.82 "" "" ""
"" 400.0 579.8 71.4 600.0 0.0244 "" "" 2.0 12.2 10.0 5.0 0.983 6.79 "" "" ""
"" 400.0 424.8 45.7 600.0 0.0244 "" "" 2.0 11.8 10.0 5.0 0.983 1.43 "" "" ""
"" 400.0 460.2 87.2 600.0 0.0244 "" "" 2.0 31.2 10.0 5.0 0.983 1.839 "" "" ""
"" 400.0 221.7 29.9 600.0 0.0244 "" "" 2.0 11.2 10.0 5.0 0.983 1.67 "" "" ""
"" 400.0 1380.1 78.2 600.0 0.0244 "" "" 1.0 13.4 10.0 5.0 0.983 2.99 "" "" ""
"" 400.0 552.5 31.6 600.0 0.0244 "" "" 2.0 33.8 10.0 5.0 0.983 1.84 "" "" ""
