zdm/data/Surveys/CRAFT_ICS_892.ecsv
# %ECSV 1.0
# ---
# datatype:
# - {name: TNS, datatype: string}
# - {name: BW, datatype: float64}
# - {name: DM, datatype: float64}
# - {name: DMG, datatype: float64}
# - {name: FBAR, datatype: float64}
# - {name: FRES, datatype: float64}
# - {name: Gb, unit: deg, datatype: float64}
# - {name: Gl, unit: deg, datatype: float64}
# - {name: SNR, datatype: float64}
# - {name: SNRTHRESH, datatype: float64}
# - {name: THRESH, datatype: float64}
# - {name: TRES, datatype: float64}
# - {name: WIDTH, datatype: float64}
# - {name: XW95, datatype: float64}
# - {name: TAU, datatype: float64}
# - {name: DEC, datatype: string}
# - {name: RA, datatype: string}
# - {name: Z, datatype: float64}
# meta: !!omap
# - {survey_data: '{"observing": {"NORM_FRB": 15, "TOBS": 317.293429793, "MAX_IDT": 4096, "MAX_IW": 12, "MAXWMETH": 1}, 
#                   "telescope": {"BEAM": "ASKAP_892", "DIAM": 12.0, "NBEAMS": 1, "NBINS": 5}}'}
# schema: astropy-2.0
TNS       BW    DM     DMG FBAR   FRES Gb                 Gl              SNR  SNRTHRESH THRESH TRES WIDTH XW95 TAU DEC      RA               Z
20191001A 336.0 506.92 44.2 919.5 1.0 -61.65860153281646  292.33820148500735  62.0 9.0 4.4 1.728  5.3   13.468 4.52   -54:44:54 21:33:24        0.23
20200430A 336.0 380.1  27.0 864.5 1.0 -50.423867191684614 126.69623499918922  16.0 9.0 4.4 1.728  11    22.68  6.5    12:22:34.007 15:18:49.581 0.161
20200627  336.0 294.0  40.0 920.5 1.0 -75.58714298569731  274.1944222920371   11.0 9.0 4.4 1.728  2.9   2.9    -1     -39:29:05.0 21:46:47.0    -1.0
20200906A 336.0 577.8  35.9 864.5 1.0 -74.33639680729853  87.47153687885996   19.2 9.0 4.4 1.728  0.057 0.128  0.0315 -14:04:59.9136 03:33:58.9364 0.36879
20210320C  336.0 384.8  42.2 864.5 1.0 -78.99989352050102  126.81646106581941 15.3 9.0 4.4 1.728  0.381 0.884  0.193  -16:09:05.1 13:37:50.08605 0.28
20210807  336.0 251.9  121.2 920.5 1.0 -62.769666370514145 138.57666701461682 47.1 9.0 4.4 1.182  10.0  10.0   -1     -00:45:44.5 19:56:53.144  0.12969
20210809  336.0 651.5  190.1 920.5 1.0 -61.10280652957891 133.77599069157813  16.8 9.0 4.4 1.182  14.2  14.2   -1     01:19:43.5 18:04:37.7     -1.0
20211203C  336.0 636.2  63.4 920.5 1.0 -85.70736537183255  294.09236840807733 14.2 9.0 4.4 1.182  12.4  25.449 1.66   -31:22:04.0 13:37:52.8    0.34386
20220501C 336.0 449.5  30.6 863.5 1.0 -79.3478690413585   245.52087739106628  16.1 9.0 4.4 1.182  6.1   6.9    0.35   -32:27:41.4 23:29:46.8    0.381
20220725A 336.0 290.4  30.7 920.5 1.0 -77.2090157833712   260.2992248635945   12.7 9.0 4.4 1.182  3.43  8.016  2.29   -36:07:51.2 23:33:32.1    0.1926
20230521A 336.0 640.2  41.8 831.5 1.0 -63.802137907452966 143.6440869115044   15.2 9.0 4.4 1.182  11.0  11.0   -1     -02:23:09.6 21:51:00.3    -1.0
20230708A 336.0 411.5  50.2 920.5 1.0 -61.245461788949015 294.23527074045234  31.5 9.0 4.4 1.182  1.14  23.578 0.24   -55:22:59.4 20:12:56.9    0.105
20230902A 336.0 440.1  34.3 831.5 1.0 -68.28916777429704  320.20535326767765  11.8 9.0 4.4 1.182  0.229 0.678  0.123  -47:33:45.5 03:29:28.1    0.3619
20231006  336.0 509.7  67.5 863.5 1.0 -52.222367446784375 298.13333823887274  15.2 9.0 4.4 1.182  6.5   6.5    -1     -64:38:56.2 19:44:00.8    -1.0
20231226A 336.0 329.9  38.0 863.5 1.0 -56.65392198775274  118.39332419712602  17.8 9.0 4.4 1.182  5.3   9.72   0.1    06:07:45.9 10:21:07.6     0.1569
20240201A 336.0 374.5  38   920.5 1.0 67.29517415215354 347.08291493850965    13.9 9.0 4.4 1.182  3.05  3.901  0.78   10:01:49.1 13:54:49       0.042729
20240208A 336.0 260.2  98   863.5 1.0 -52.0180286372879 115.89194578232592    12.1 9.0 4.4 1.182  1.7   10     1.35   10:36:46.5 -00:33:50      -1
20240210A 336.0 283.73 31   863.5 1.0 -36.19982407564526 55.957809969522174   11.6 9.0 4.4 1.182  0.305 1.539  0.1    00:39:55.0 -27:39:35      0.023686
20240304A 336.0 652.6  30   832.5 1.0 22.379345521533207 214.02134339859478   12.3 9.0 4.4 1.182  8.57  19     2.51   09:05:19.3 -16:13:42      -1.0
20240310A 336.0 601.8  36   902.5 1.0 -31.606263057321083 192.9022403619661   19.1 9.0 4.4 1.182  4.19  13.493 2.23   01:10:57.7 -44:24:05      0.127
20240318A 336.0  256.4 37   902.5 1.0 69.83146076143834 337.11332396083634    13.2 9.0 4.4 1.182  0.286 0.837  0.163  10:01:50.6 37:36:49       -1.0

