zdm/data/Surveys/CRAFT_ICS_892.ecsv
# %ECSV 1.0
# ---
# datatype:
# - {name: TNS, datatype: string}
# - {name: BW, datatype: float64}
# - {name: DM, datatype: float64}
# - {name: DMG, datatype: float64}
# - {name: FBAR, datatype: float64}
# - {name: FRES, datatype: float64}
# - {name: Gb, unit: deg, datatype: float64}
# - {name: Gl, unit: deg, datatype: float64}
# - {name: SNR, datatype: float64}
# - {name: SNRTHRESH, datatype: float64}
# - {name: THRESH, datatype: float64}
# - {name: TRES, datatype: float64}
# - {name: WIDTH, datatype: float64}
# - {name: XC, datatype: string}
# - {name: XDec, datatype: string}
# - {name: XRA, datatype: string}
# - {name: Z, datatype: float64}
# meta: !!omap
# - {survey_data: '{"observing": {"NORM_FRB": 15, "TOBS": 317.293429793, "MAX_IDT": 4096}, 
#                   "telescope": {"BEAM": "ASKAP_892", "DIAM": 12.0, "NBEAMS": 1, "NBINS": 5}}'}
# schema: astropy-2.0
TNS BW DM DMG FBAR FRES Gb Gl SNR SNRTHRESH THRESH TRES WIDTH XC XDec XRA Z
20191001A 336.0 506.92 44.2 919.5 1.0 -61.65860153281646 292.33820148500735 62.0 9.0 4.4 1.728 4.2 closepack36/45 -54:44:54 21:33:24 0.23
20200430A 336.0 380.1 27.0 864.5 1.0 -50.423867191684614 126.69623499918922 16.0 9.0 4.4 1.728 6.5 square_6x6 12:22:34.007 15:18:49.581 0.161
20200627 336.0 294.0 40.0 920.5 1.0 -75.58714298569731 274.1944222920371 11.0 9.0 4.4 1.728 2.9 closepack36 -39:29:05.0 21:46:47.0 -1.0
20200906A 336.0 577.8 35.9 864.5 1.0 -74.33639680729853 87.47153687885996 19.2 9.0 4.4 1.728 6.0 closepack36 -14:04:59.9136 03:33:58.9364 0.36879
20210320 336.0 384.8 42.2 864.5 1.0 -78.99989352050102 126.81646106581941 15.3 9.0 4.4 1.728 5.4 square_6x6/45/1.05 -16:09:05.1 13:37:50.08605 0.28
20210807 336.0 251.9 121.2 920.5 1.0 -62.769666370514145 138.57666701461682 47.1 9.0 4.4 1.182 10.0 square6x6/45/0.9 -00:45:44.5 19:56:53.144 0.12969
20210809 336.0 651.5 190.1 920.5 1.0 -61.10280652957891 133.77599069157813 16.8 9.0 4.4 1.182 14.2 square6x6/45/0.9 01:19:43.5 18:04:37.7 -1.0
20211203 336.0 636.2 63.4 920.5 1.0 -85.70736537183255 294.09236840807733 14.2 9.0 4.4 1.182 9.6 closepack36/45/0.9 -31:22:04.0 13:37:52.8 0.34386
20220501C 336.0 449.5 30.6 863.5 1.0 -79.3478690413585 245.52087739106628 16.1 9.0 4.4 1.182 6.5 square6x6/45/1.05 -32:27:41.4 23:29:46.8 0.381
20220725A 336.0 290.4 30.7 920.5 1.0 -77.2090157833712 260.2992248635945 12.7 9.0 4.4 1.182 4.1 closepack36/45/0.9 -36:07:51.2 23:33:32.1 0.1926
20230521A 336.0 640.2 41.8 831.5 1.0 -63.802137907452966 143.6440869115044 15.2 9.0 4.4 1.182 11.0 square6x6/45/1.05 -02:23:09.6 21:51:00.3 -1.0
20230708A 336.0 411.5 50.2 920.5 1.0 -61.245461788949015 294.23527074045234 31.5 9.0 4.4 1.182 2.7 closepack36/45/0.9 -55:22:59.4 20:12:56.9 0.105
20230902A 336.0 440.1 34.3 831.5 1.0 -68.28916777429704 320.20535326767765 11.8 9.0 4.4 1.182 6.0 square6x6/45/1.05 -47:33:45.5 03:29:28.1 -1.0
20231006 336.0 509.7 67.5 863.5 1.0 -52.222367446784375 298.13333823887274 15.2 9.0 4.4 1.182 6.5 square6x6/45/1.05 -64:38:56.2 19:44:00.8 -1.0
20231226 336.0 329.9 38.0 863.5 1.0 -56.65392198775274 118.39332419712602 17.8 9.0 4.4 1.182 7.1 square6x6/45/1.05 06:07:45.9 10:21:07.6 -1.0
