zdm/data/Surveys/CRAFT_CRACO_MC_frbs_alpha1_5000.ecsv
# %ECSV 1.0
# ---
# datatype:
# - {name: TNS, datatype: string}
# - {name: BW, datatype: float64}
# - {name: DM, datatype: float64}
# - {name: DMG, datatype: float64}
# - {name: FBAR, datatype: float64}
# - {name: FRES, datatype: float64}
# - {name: Gb, datatype: string, subtype: 'float64[null]'}
# - {name: Gl, datatype: string, subtype: 'float64[null]'}
# - {name: NREP, datatype: int64}
# - {name: SNR, datatype: float64}
# - {name: SNRTHRESH, datatype: float64}
# - {name: THRESH, datatype: float64}
# - {name: TRES, datatype: float64}
# - {name: WIDTH, datatype: float64}
# - {name: XDec, datatype: string, subtype: 'float64[null]'}
# - {name: XRA, datatype: string, subtype: 'float64[null]'}
# - {name: Z, datatype: float64}
# meta: !!omap
# - {survey_data: "{\n    \"observing\": {\n        \"NORM_FRB\": 50,\n        \"TOBS\": 48.325\n    },\n    \"telescope\": {\n      \
#     \  \"BEAM\": \"lat50_log\",\n        \"DIAM\": 12.0,\n        \"NBEAMS\": 1,\n        \"NBINS\": 5\n    }\n}"}
# schema: astropy-2.0
TNS BW DM DMG FBAR FRES Gb Gl NREP SNR SNRTHRESH THRESH TRES WIDTH XDec XRA Z
[from data line 650]
650 288.0 1103.6 35.0 1320.0 1.0 "" "" 1 13.1 9.5 0.99 1.7 4.0 "" "" 0.921
651 288.0 245.7 35.0 1320.0 1.0 "" "" 1 22.0 9.5 0.99 1.7 4.0 "" "" 0.121
652 288.0 1081.3 35.0 1320.0 1.0 "" "" 1 10.2 9.5 0.99 1.7 1.0 "" "" 1.409
653 288.0 771.0 35.0 1320.0 1.0 "" "" 1 12.9 9.5 0.99 1.7 3.0 "" "" 0.223
654 288.0 533.2 35.0 1320.0 1.0 "" "" 1 12.5 9.5 0.99 1.7 1.0 "" "" 0.439
655 288.0 308.6 35.0 1320.0 1.0 "" "" 1 26.1 9.5 0.99 1.7 3.0 "" "" 0.314
656 288.0 1398.4 35.0 1320.0 1.0 "" "" 1 24.2 9.5 0.99 1.7 2.0 "" "" 0.982
657 288.0 604.4 35.0 1320.0 1.0 "" "" 1 10.1 9.5 0.99 1.7 4.0 "" "" 0.634
658 288.0 518.8 35.0 1320.0 1.0 "" "" 1 14.0 9.5 0.99 1.7 3.0 "" "" 0.057
659 288.0 634.4 35.0 1320.0 1.0 "" "" 1 10.2 9.5 0.99 1.7 4.0 "" "" 0.712
660 288.0 836.7 35.0 1320.0 1.0 "" "" 1 12.2 9.5 0.99 1.7 2.0 "" "" 0.784
661 288.0 436.4 35.0 1320.0 1.0 "" "" 1 10.7 9.5 0.99 1.7 2.0 "" "" 0.178
662 288.0 656.8 35.0 1320.0 1.0 "" "" 1 29.7 9.5 0.99 1.7 3.0 "" "" 0.617
663 288.0 599.5 35.0 1320.0 1.0 "" "" 1 13.9 9.5 0.99 1.7 3.0 "" "" 0.631
664 288.0 818.7 35.0 1320.0 1.0 "" "" 1 14.1 9.5 0.99 1.7 2.0 "" "" 0.248
665 288.0 661.5 35.0 1320.0 1.0 "" "" 1 11.3 9.5 0.99 1.7 2.0 "" "" 0.648
666 288.0 704.8 35.0 1320.0 1.0 "" "" 1 12.4 9.5 0.99 1.7 3.0 "" "" 0.799
667 288.0 413.1 35.0 1320.0 1.0 "" "" 1 11.1 9.5 0.99 1.7 3.0 "" "" 0.141
668 288.0 736.7 35.0 1320.0 1.0 "" "" 1 21.8 9.5 0.99 1.7 1.0 "" "" 0.881
669 288.0 204.3 35.0 1320.0 1.0 "" "" 1 10.9 9.5 0.99 1.7 1.0 "" "" 0.104
670 288.0 325.6 35.0 1320.0 1.0 "" "" 1 14.0 9.5 0.99 1.7 1.0 "" "" 0.256
671 288.0 194.6 35.0 1320.0 1.0 "" "" 1 17.0 9.5 0.99 1.7 2.0 "" "" 0.027
672 288.0 441.3 35.0 1320.0 1.0 "" "" 1 11.4 9.5 0.99 1.7 4.0 "" "" 0.463
673 288.0 649.6 35.0 1320.0 1.0 "" "" 1 11.5 9.5 0.99 1.7 4.0 "" "" 0.138
674 288.0 479.6 35.0 1320.0 1.0 "" "" 1 10.1 9.5 0.99 1.7 1.0 "" "" 0.37
675 288.0 679.3 35.0 1320.0 1.0 "" "" 1 10.2 9.5 0.99 1.7 1.0 "" "" 0.514
676 288.0 727.7 35.0 1320.0 1.0 "" "" 1 30.3 9.5 0.99 1.7 2.0 "" "" 0.795
677 288.0 896.3 35.0 1320.0 1.0 "" "" 1 12.4 9.5 0.99 1.7 2.0 "" "" 1.067
678 288.0 1137.8 35.0 1320.0 1.0 "" "" 1 22.2 9.5 0.99 1.7 3.0 "" "" 0.443
679 288.0 1157.7 35.0 1320.0 1.0 "" "" 1 11.2 9.5 0.99 1.7 3.0 "" "" 0.519
680 288.0 181.4 35.0 1320.0 1.0 "" "" 1 171.4 9.5 0.99 1.7 1.0 "" "" 0.101
681 288.0 364.7 35.0 1320.0 1.0 "" "" 1 14.0 9.5 0.99 1.7 2.0 "" "" 0.132
682 288.0 761.0 35.0 1320.0 1.0 "" "" 1 11.9 9.5 0.99 1.7 3.0 "" "" 0.778
683 288.0 578.4 35.0 1320.0 1.0 "" "" 1 23.0 9.5 0.99 1.7 3.0 "" "" 0.301
684 288.0 499.7 35.0 1320.0 1.0 "" "" 1 42.7 9.5 0.99 1.7 3.0 "" "" 0.452
685 288.0 252.6 35.0 1320.0 1.0 "" "" 1 68.6 9.5 0.99 1.7 2.0 "" "" 0.002
686 288.0 625.5 35.0 1320.0 1.0 "" "" 1 16.1 9.5 0.99 1.7 2.0 "" "" 0.48
687 288.0 292.3 35.0 1320.0 1.0 "" "" 1 33.7 9.5 0.99 1.7 2.0 "" "" 0.056
688 288.0 1322.7 35.0 1320.0 1.0 "" "" 1 10.3 9.5 0.99 1.7 1.0 "" "" 1.399
689 288.0 791.8 35.0 1320.0 1.0 "" "" 1 10.4 9.5 0.99 1.7 3.0 "" "" 0.998
690 288.0 339.9 35.0 1320.0 1.0 "" "" 1 31.4 9.5 0.99 1.7 2.0 "" "" 0.33
691 288.0 751.3 35.0 1320.0 1.0 "" "" 1 18.3 9.5 0.99 1.7 2.0 "" "" 0.649
692 288.0 466.7 35.0 1320.0 1.0 "" "" 1 10.1 9.5 0.99 1.7 1.0 "" "" 0.209
693 288.0 671.7 35.0 1320.0 1.0 "" "" 1 12.0 9.5 0.99 1.7 0.0 "" "" 0.221
694 288.0 289.1 35.0 1320.0 1.0 "" "" 1 16.0 9.5 0.99 1.7 2.0 "" "" 0.099
695 288.0 190.4 35.0 1320.0 1.0 "" "" 1 11.3 9.5 0.99 1.7 1.0 "" "" 0.034
696 288.0 1180.8 35.0 1320.0 1.0 "" "" 1 9.7 9.5 0.99 1.7 3.0 "" "" 1.301
697 288.0 136.2 35.0 1320.0 1.0 "" "" 1 34.0 9.5 0.99 1.7 2.0 "" "" 0.006
698 288.0 336.3 35.0 1320.0 1.0 "" "" 1 11.3 9.5 0.99 1.7 1.0 "" "" 0.223
699 288.0 611.8 35.0 1320.0 1.0 "" "" 1 30.8 9.5 0.99 1.7 1.0 "" "" 0.665
700 288.0 228.7 35.0 1320.0 1.0 "" "" 1 168.8 9.5 0.99 1.7 4.0 "" "" 0.048
701 288.0 264.4 35.0 1320.0 1.0 "" "" 1 20.1 9.5 0.99 1.7 1.0 "" "" 0.256
702 288.0 452.1 35.0 1320.0 1.0 "" "" 1 12.4 9.5 0.99 1.7 2.0 "" "" 0.356
703 288.0 551.0 35.0 1320.0 1.0 "" "" 1 22.5 9.5 0.99 1.7 1.0 "" "" 0.529
704 288.0 497.0 35.0 1320.0 1.0 "" "" 1 24.8 9.5 0.99 1.7 3.0 "" "" 0.516
705 288.0 601.6 35.0 1320.0 1.0 "" "" 1 11.9 9.5 0.99 1.7 2.0 "" "" 0.405
706 288.0 327.8 35.0 1320.0 1.0 "" "" 1 9.6 9.5 0.99 1.7 3.0 "" "" 0.23
707 288.0 188.2 35.0 1320.0 1.0 "" "" 1 234.6 9.5 0.99 1.7 4.0 "" "" 0.056
708 288.0 874.8 35.0 1320.0 1.0 "" "" 1 10.8 9.5 0.99 1.7 1.0 "" "" 0.98
709 288.0 357.6 35.0 1320.0 1.0 "" "" 1 32.5 9.5 0.99 1.7 3.0 "" "" 0.365
710 288.0 448.5 35.0 1320.0 1.0 "" "" 1 15.1 9.5 0.99 1.7 2.0 "" "" 0.3
711 288.0 1517.6 35.0 1320.0 1.0 "" "" 1 13.2 9.5 0.99 1.7 2.0 "" "" 0.576
712 288.0 766.2 35.0 1320.0 1.0 "" "" 1 21.3 9.5 0.99 1.7 3.0 "" "" 0.838
713 288.0 1222.1 35.0 1320.0 1.0 "" "" 1 12.0 9.5 0.99 1.7 2.0 "" "" 0.686
714 288.0 382.0 35.0 1320.0 1.0 "" "" 1 21.9 9.5 0.99 1.7 2.0 "" "" 0.364
715 288.0 890.8 35.0 1320.0 1.0 "" "" 1 50.9 9.5 0.99 1.7 2.0 "" "" 0.714
716 288.0 351.6 35.0 1320.0 1.0 "" "" 1 105.8 9.5 0.99 1.7 1.0 "" "" 0.149
717 288.0 273.4 35.0 1320.0 1.0 "" "" 1 16.4 9.5 0.99 1.7 3.0 "" "" 0.026
718 288.0 739.5 35.0 1320.0 1.0 "" "" 1 10.9 9.5 0.99 1.7 3.0 "" "" 0.593
719 288.0 323.2 35.0 1320.0 1.0 "" "" 1 16.4 9.5 0.99 1.7 1.0 "" "" 0.256
720 288.0 388.5 35.0 1320.0 1.0 "" "" 1 16.1 9.5 0.99 1.7 2.0 "" "" 0.087
721 288.0 735.0 35.0 1320.0 1.0 "" "" 1 10.0 9.5 0.99 1.7 4.0 "" "" 0.467
722 288.0 582.8 35.0 1320.0 1.0 "" "" 1 14.4 9.5 0.99 1.7 1.0 "" "" 0.477
723 288.0 1122.8 35.0 1320.0 1.0 "" "" 1 19.4 9.5 0.99 1.7 2.0 "" "" 1.255
724 288.0 944.2 35.0 1320.0 1.0 "" "" 1 10.1 9.5 0.99 1.7 3.0 "" "" 1.224
725 288.0 291.8 35.0 1320.0 1.0 "" "" 1 12.1 9.5 0.99 1.7 1.0 "" "" 0.131
726 288.0 1321.4 35.0 1320.0 1.0 "" "" 1 10.0 9.5 0.99 1.7 1.0 "" "" 1.821
727 288.0 261.5 35.0 1320.0 1.0 "" "" 1 10.9 9.5 0.99 1.7 2.0 "" "" 0.161
728 288.0 679.8 35.0 1320.0 1.0 "" "" 1 11.1 9.5 0.99 1.7 3.0 "" "" 0.171
729 288.0 584.3 35.0 1320.0 1.0 "" "" 1 21.7 9.5 0.99 1.7 1.0 "" "" 0.613
730 288.0 202.8 35.0 1320.0 1.0 "" "" 1 21.6 9.5 0.99 1.7 2.0 "" "" 0.133
731 288.0 455.7 35.0 1320.0 1.0 "" "" 1 10.1 9.5 0.99 1.7 1.0 "" "" 0.477
732 288.0 1123.9 35.0 1320.0 1.0 "" "" 1 12.1 9.5 0.99 1.7 3.0 "" "" 0.618
733 288.0 883.9 35.0 1320.0 1.0 "" "" 1 11.1 9.5 0.99 1.7 1.0 "" "" 0.764
734 288.0 237.2 35.0 1320.0 1.0 "" "" 1 10.0 9.5 0.99 1.7 2.0 "" "" 0.16
735 288.0 717.5 35.0 1320.0 1.0 "" "" 1 11.5 9.5 0.99 1.7 4.0 "" "" 0.361
736 288.0 597.3 35.0 1320.0 1.0 "" "" 1 62.1 9.5 0.99 1.7 4.0 "" "" 0.036
737 288.0 1316.5 35.0 1320.0 1.0 "" "" 1 20.4 9.5 0.99 1.7 3.0 "" "" 0.779
738 288.0 508.7 35.0 1320.0 1.0 "" "" 1 25.0 9.5 0.99 1.7 3.0 "" "" 0.445
739 288.0 498.3 35.0 1320.0 1.0 "" "" 1 53.8 9.5 0.99 1.7 1.0 "" "" 0.563
740 288.0 374.7 35.0 1320.0 1.0 "" "" 1 34.7 9.5 0.99 1.7 3.0 "" "" 0.212
741 288.0 296.8 35.0 1320.0 1.0 "" "" 1 75.2 9.5 0.99 1.7 1.0 "" "" 0.16
742 288.0 440.8 35.0 1320.0 1.0 "" "" 1 12.4 9.5 0.99 1.7 2.0 "" "" 0.544
743 288.0 821.4 35.0 1320.0 1.0 "" "" 1 13.0 9.5 0.99 1.7 3.0 "" "" 0.044
744 288.0 426.0 35.0 1320.0 1.0 "" "" 1 35.7 9.5 0.99 1.7 3.0 "" "" 0.313
745 288.0 359.7 35.0 1320.0 1.0 "" "" 1 66.0 9.5 0.99 1.7 3.0 "" "" 0.182
746 288.0 1950.6 35.0 1320.0 1.0 "" "" 1 20.0 9.5 0.99 1.7 3.0 "" "" 0.776
747 288.0 735.0 35.0 1320.0 1.0 "" "" 1 34.3 9.5 0.99 1.7 2.0 "" "" 0.189
748 288.0 532.1 35.0 1320.0 1.0 "" "" 1 18.8 9.5 0.99 1.7 3.0 "" "" 0.699
749 288.0 830.4 35.0 1320.0 1.0 "" "" 1 26.9 9.5 0.99 1.7 2.0 "" "" 0.934
750 288.0 219.6 35.0 1320.0 1.0 "" "" 1 24.2 9.5 0.99 1.7 2.0 "" "" 0.105
751 288.0 1032.0 35.0 1320.0 1.0 "" "" 1 14.6 9.5 0.99 1.7 2.0 "" "" 1.088
752 288.0 573.8 35.0 1320.0 1.0 "" "" 1 42.2 9.5 0.99 1.7 2.0 "" "" 0.417
753 288.0 357.6 35.0 1320.0 1.0 "" "" 1 10.0 9.5 0.99 1.7 2.0 "" "" 0.165
754 288.0 415.0 35.0 1320.0 1.0 "" "" 1 42.9 9.5 0.99 1.7 1.0 "" "" 0.003
755 288.0 879.8 35.0 1320.0 1.0 "" "" 1 24.8 9.5 0.99 1.7 2.0 "" "" 0.519
756 288.0 1079.7 35.0 1320.0 1.0 "" "" 1 12.8 9.5 0.99 1.7 3.0 "" "" 1.081
757 288.0 682.9 35.0 1320.0 1.0 "" "" 1 21.6 9.5 0.99 1.7 3.0 "" "" 0.732
758 288.0 247.4 35.0 1320.0 1.0 "" "" 1 37.3 9.5 0.99 1.7 3.0 "" "" 0.08
759 288.0 526.7 35.0 1320.0 1.0 "" "" 1 20.3 9.5 0.99 1.7 3.0 "" "" 0.066
760 288.0 760.6 35.0 1320.0 1.0 "" "" 1 31.5 9.5 0.99 1.7 2.0 "" "" 0.673
761 288.0 444.0 35.0 1320.0 1.0 "" "" 1 13.9 9.5 0.99 1.7 2.0 "" "" 0.462
762 288.0 422.5 35.0 1320.0 1.0 "" "" 1 9.5 9.5 0.99 1.7 0.0 "" "" 0.035
763 288.0 770.9 35.0 1320.0 1.0 "" "" 1 42.9 9.5 0.99 1.7 4.0 "" "" 0.469
764 288.0 1072.3 35.0 1320.0 1.0 "" "" 1 25.4 9.5 0.99 1.7 2.0 "" "" 0.986
765 288.0 445.8 35.0 1320.0 1.0 "" "" 1 48.0 9.5 0.99 1.7 0.0 "" "" 0.39
766 288.0 352.9 35.0 1320.0 1.0 "" "" 1 16.7 9.5 0.99 1.7 1.0 "" "" 0.308
767 288.0 371.8 35.0 1320.0 1.0 "" "" 1 13.7 9.5 0.99 1.7 2.0 "" "" 0.269
768 288.0 1197.6 35.0 1320.0 1.0 "" "" 1 9.5 9.5 0.99 1.7 2.0 "" "" 0.974
769 288.0 492.3 35.0 1320.0 1.0 "" "" 1 11.1 9.5 0.99 1.7 4.0 "" "" 0.127
770 288.0 389.5 35.0 1320.0 1.0 "" "" 1 9.8 9.5 0.99 1.7 1.0 "" "" 0.111
771 288.0 234.9 35.0 1320.0 1.0 "" "" 1 15.5 9.5 0.99 1.7 3.0 "" "" 0.164
772 288.0 382.1 35.0 1320.0 1.0 "" "" 1 9.8 9.5 0.99 1.7 0.0 "" "" 0.336
773 288.0 365.2 35.0 1320.0 1.0 "" "" 1 11.8 9.5 0.99 1.7 5.0 "" "" 0.296
774 288.0 541.0 35.0 1320.0 1.0 "" "" 1 22.4 9.5 0.99 1.7 1.0 "" "" 0.063
775 288.0 586.9 35.0 1320.0 1.0 "" "" 1 11.8 9.5 0.99 1.7 0.0 "" "" 0.527
776 288.0 938.4 35.0 1320.0 1.0 "" "" 1 14.2 9.5 0.99 1.7 2.0 "" "" 0.534
777 288.0 1325.6 35.0 1320.0 1.0 "" "" 1 12.0 9.5 0.99 1.7 2.0 "" "" 0.898
778 288.0 1165.3 35.0 1320.0 1.0 "" "" 1 15.4 9.5 0.99 1.7 2.0 "" "" 0.881
779 288.0 1414.4 35.0 1320.0 1.0 "" "" 1 11.5 9.5 0.99 1.7 2.0 "" "" 1.062
780 288.0 2108.6 35.0 1320.0 1.0 "" "" 1 61.8 9.5 0.99 1.7 4.0 "" "" 0.339
781 288.0 573.7 35.0 1320.0 1.0 "" "" 1 18.2 9.5 0.99 1.7 4.0 "" "" 0.643
782 288.0 286.0 35.0 1320.0 1.0 "" "" 1 10.4 9.5 0.99 1.7 2.0 "" "" 0.336
783 288.0 416.8 35.0 1320.0 1.0 "" "" 1 11.1 9.5 0.99 1.7 1.0 "" "" 0.338
784 288.0 628.4 35.0 1320.0 1.0 "" "" 1 50.2 9.5 0.99 1.7 2.0 "" "" 0.567
785 288.0 137.8 35.0 1320.0 1.0 "" "" 1 11.0 9.5 0.99 1.7 2.0 "" "" 0.034
786 288.0 166.4 35.0 1320.0 1.0 "" "" 1 11.4 9.5 0.99 1.7 1.0 "" "" 0.085
787 288.0 316.2 35.0 1320.0 1.0 "" "" 1 9.8 9.5 0.99 1.7 3.0 "" "" 0.071
788 288.0 747.4 35.0 1320.0 1.0 "" "" 1 34.7 9.5 0.99 1.7 3.0 "" "" 0.539
789 288.0 1009.0 35.0 1320.0 1.0 "" "" 1 13.7 9.5 0.99 1.7 1.0 "" "" 1.306
790 288.0 594.9 35.0 1320.0 1.0 "" "" 1 12.5 9.5 0.99 1.7 3.0 "" "" 0.275
791 288.0 216.3 35.0 1320.0 1.0 "" "" 1 20.6 9.5 0.99 1.7 2.0 "" "" 0.139
792 288.0 339.3 35.0 1320.0 1.0 "" "" 1 10.0 9.5 0.99 1.7 3.0 "" "" 0.313
793 288.0 229.6 35.0 1320.0 1.0 "" "" 1 67.3 9.5 0.99 1.7 2.0 "" "" 0.075
794 288.0 1498.4 35.0 1320.0 1.0 "" "" 1 11.4 9.5 0.99 1.7 2.0 "" "" 1.612
795 288.0 145.7 35.0 1320.0 1.0 "" "" 1 9.6 9.5 0.99 1.7 2.0 "" "" 0.026
796 288.0 833.8 35.0 1320.0 1.0 "" "" 1 10.3 9.5 0.99 1.7 4.0 "" "" 0.864
797 288.0 286.2 35.0 1320.0 1.0 "" "" 1 51.2 9.5 0.99 1.7 5.0 "" "" 0.195
798 288.0 528.9 35.0 1320.0 1.0 "" "" 1 14.2 9.5 0.99 1.7 4.0 "" "" 0.208
799 288.0 406.6 35.0 1320.0 1.0 "" "" 1 82.7 9.5 0.99 1.7 2.0 "" "" 0.47
800 288.0 1049.3 35.0 1320.0 1.0 "" "" 1 9.6 9.5 0.99 1.7 1.0 "" "" 0.746
801 288.0 644.8 35.0 1320.0 1.0 "" "" 1 17.3 9.5 0.99 1.7 4.0 "" "" 0.383
802 288.0 1367.9 35.0 1320.0 1.0 "" "" 1 11.3 9.5 0.99 1.7 2.0 "" "" 1.03
803 288.0 1063.7 35.0 1320.0 1.0 "" "" 1 16.0 9.5 0.99 1.7 3.0 "" "" 1.141
804 288.0 477.4 35.0 1320.0 1.0 "" "" 1 17.0 9.5 0.99 1.7 2.0 "" "" 0.36
805 288.0 225.8 35.0 1320.0 1.0 "" "" 1 28.3 9.5 0.99 1.7 2.0 "" "" 0.127
806 288.0 475.9 35.0 1320.0 1.0 "" "" 1 50.0 9.5 0.99 1.7 3.0 "" "" 0.596
807 288.0 669.0 35.0 1320.0 1.0 "" "" 1 11.9 9.5 0.99 1.7 3.0 "" "" 0.52
808 288.0 282.0 35.0 1320.0 1.0 "" "" 1 43.5 9.5 0.99 1.7 4.0 "" "" 0.075
809 288.0 298.1 35.0 1320.0 1.0 "" "" 1 18.4 9.5 0.99 1.7 3.0 "" "" 0.292
810 288.0 1046.6 35.0 1320.0 1.0 "" "" 1 16.5 9.5 0.99 1.7 2.0 "" "" 1.24
811 288.0 1253.5 35.0 1320.0 1.0 "" "" 1 13.3 9.5 0.99 1.7 2.0 "" "" 1.309
812 288.0 888.3 35.0 1320.0 1.0 "" "" 1 13.7 9.5 0.99 1.7 0.0 "" "" 0.877
813 288.0 757.5 35.0 1320.0 1.0 "" "" 1 15.4 9.5 0.99 1.7 1.0 "" "" 0.505
814 288.0 636.8 35.0 1320.0 1.0 "" "" 1 11.9 9.5 0.99 1.7 4.0 "" "" 0.692
815 288.0 409.1 35.0 1320.0 1.0 "" "" 1 14.0 9.5 0.99 1.7 2.0 "" "" 0.129
816 288.0 526.1 35.0 1320.0 1.0 "" "" 1 11.5 9.5 0.99 1.7 2.0 "" "" 0.086
817 288.0 336.6 35.0 1320.0 1.0 "" "" 1 72.9 9.5 0.99 1.7 2.0 "" "" 0.186
818 288.0 817.8 35.0 1320.0 1.0 "" "" 1 37.3 9.5 0.99 1.7 4.0 "" "" 0.45
819 288.0 1402.1 35.0 1320.0 1.0 "" "" 1 10.3 9.5 0.99 1.7 3.0 "" "" 1.582
820 288.0 902.0 35.0 1320.0 1.0 "" "" 1 12.5 9.5 0.99 1.7 2.0 "" "" 1.029
821 288.0 705.8 35.0 1320.0 1.0 "" "" 1 16.1 9.5 0.99 1.7 2.0 "" "" 0.425
822 288.0 231.9 35.0 1320.0 1.0 "" "" 1 11.3 9.5 0.99 1.7 1.0 "" "" 0.191
823 288.0 772.2 35.0 1320.0 1.0 "" "" 1 11.6 9.5 0.99 1.7 2.0 "" "" 0.625
824 288.0 528.4 35.0 1320.0 1.0 "" "" 1 35.2 9.5 0.99 1.7 1.0 "" "" 0.605
825 288.0 518.0 35.0 1320.0 1.0 "" "" 1 15.3 9.5 0.99 1.7 1.0 "" "" 0.44
826 288.0 1703.5 35.0 1320.0 1.0 "" "" 1 10.6 9.5 0.99 1.7 2.0 "" "" 0.312
827 288.0 988.8 35.0 1320.0 1.0 "" "" 1 25.8 9.5 0.99 1.7 2.0 "" "" 0.911
828 288.0 505.8 35.0 1320.0 1.0 "" "" 1 40.1 9.5 0.99 1.7 3.0 "" "" 0.623
829 288.0 320.0 35.0 1320.0 1.0 "" "" 1 10.7 9.5 0.99 1.7 4.0 "" "" 0.279
830 288.0 279.0 35.0 1320.0 1.0 "" "" 1 13.4 9.5 0.99 1.7 3.0 "" "" 0.275
831 288.0 739.3 35.0 1320.0 1.0 "" "" 1 90.5 9.5 0.99 1.7 1.0 "" "" 0.053
832 288.0 309.9 35.0 1320.0 1.0 "" "" 1 100.3 9.5 0.99 1.7 0.0 "" "" 0.138
833 288.0 249.2 35.0 1320.0 1.0 "" "" 1 11.4 9.5 0.99 1.7 2.0 "" "" 0.158
834 288.0 652.4 35.0 1320.0 1.0 "" "" 1 10.1 9.5 0.99 1.7 2.0 "" "" 0.302
835 288.0 1305.5 35.0 1320.0 1.0 "" "" 1 10.3 9.5 0.99 1.7 3.0 "" "" 0.129
836 288.0 493.8 35.0 1320.0 1.0 "" "" 1 11.0 9.5 0.99 1.7 4.0 "" "" 0.551
837 288.0 948.2 35.0 1320.0 1.0 "" "" 1 12.3 9.5 0.99 1.7 2.0 "" "" 0.525
838 288.0 576.3 35.0 1320.0 1.0 "" "" 1 68.9 9.5 0.99 1.7 3.0 "" "" 0.111
839 288.0 662.4 35.0 1320.0 1.0 "" "" 1 14.2 9.5 0.99 1.7 1.0 "" "" 0.219
840 288.0 418.4 35.0 1320.0 1.0 "" "" 1 9.7 9.5 0.99 1.7 2.0 "" "" 0.286
841 288.0 309.6 35.0 1320.0 1.0 "" "" 1 13.8 9.5 0.99 1.7 1.0 "" "" 0.198
842 288.0 497.9 35.0 1320.0 1.0 "" "" 1 10.5 9.5 0.99 1.7 3.0 "" "" 0.382
843 288.0 570.7 35.0 1320.0 1.0 "" "" 1 11.1 9.5 0.99 1.7 4.0 "" "" 0.588
844 288.0 628.7 35.0 1320.0 1.0 "" "" 1 14.6 9.5 0.99 1.7 3.0 "" "" 0.573
845 288.0 331.5 35.0 1320.0 1.0 "" "" 1 10.8 9.5 0.99 1.7 0.0 "" "" 0.15
846 288.0 731.4 35.0 1320.0 1.0 "" "" 1 21.4 9.5 0.99 1.7 2.0 "" "" 0.763
847 288.0 146.2 35.0 1320.0 1.0 "" "" 1 11.0 9.5 0.99 1.7 2.0 "" "" 0.074
848 288.0 835.9 35.0 1320.0 1.0 "" "" 1 19.9 9.5 0.99 1.7 4.0 "" "" 0.18
849 288.0 316.0 35.0 1320.0 1.0 "" "" 1 46.8 9.5 0.99 1.7 1.0 "" "" 0.139
850 288.0 673.2 35.0 1320.0 1.0 "" "" 1 14.7 9.5 0.99 1.7 4.0 "" "" 0.36
851 288.0 590.1 35.0 1320.0 1.0 "" "" 1 9.9 9.5 0.99 1.7 1.0 "" "" 0.505
852 288.0 1855.3 35.0 1320.0 1.0 "" "" 1 11.2 9.5 0.99 1.7 3.0 "" "" 1.287
853 288.0 1055.7 35.0 1320.0 1.0 "" "" 1 31.6 9.5 0.99 1.7 0.0 "" "" 0.69
854 288.0 424.8 35.0 1320.0 1.0 "" "" 1 16.2 9.5 0.99 1.7 2.0 "" "" 0.403
855 288.0 949.3 35.0 1320.0 1.0 "" "" 1 10.2 9.5 0.99 1.7 3.0 "" "" 0.611
856 288.0 708.9 35.0 1320.0 1.0 "" "" 1 32.1 9.5 0.99 1.7 3.0 "" "" 0.232
857 288.0 1674.6 35.0 1320.0 1.0 "" "" 1 18.0 9.5 0.99 1.7 3.0 "" "" 0.92
858 288.0 1028.2 35.0 1320.0 1.0 "" "" 1 28.3 9.5 0.99 1.7 3.0 "" "" 0.481
859 288.0 1740.3 35.0 1320.0 1.0 "" "" 1 10.4 9.5 0.99 1.7 2.0 "" "" 0.221
860 288.0 1102.2 35.0 1320.0 1.0 "" "" 1 9.8 9.5 0.99 1.7 2.0 "" "" 1.122
861 288.0 758.4 35.0 1320.0 1.0 "" "" 1 10.2 9.5 0.99 1.7 2.0 "" "" 0.866
862 288.0 359.4 35.0 1320.0 1.0 "" "" 1 9.5 9.5 0.99 1.7 4.0 "" "" 0.263
863 288.0 1323.1 35.0 1320.0 1.0 "" "" 1 36.6 9.5 0.99 1.7 4.0 "" "" 0.289
864 288.0 1115.7 35.0 1320.0 1.0 "" "" 1 10.9 9.5 0.99 1.7 3.0 "" "" 0.637
