zdm/data/Surveys/CRAFT_CRACO_MC_frbs_alpha1_5000.ecsv
# %ECSV 1.0
# ---
# datatype:
# - {name: TNS, datatype: string}
# - {name: BW, datatype: float64}
# - {name: DM, datatype: float64}
# - {name: DMG, datatype: float64}
# - {name: FBAR, datatype: float64}
# - {name: FRES, datatype: float64}
# - {name: Gb, datatype: string, subtype: 'float64[null]'}
# - {name: Gl, datatype: string, subtype: 'float64[null]'}
# - {name: NREP, datatype: int64}
# - {name: SNR, datatype: float64}
# - {name: SNRTHRESH, datatype: float64}
# - {name: THRESH, datatype: float64}
# - {name: TRES, datatype: float64}
# - {name: WIDTH, datatype: float64}
# - {name: XDec, datatype: string, subtype: 'float64[null]'}
# - {name: XRA, datatype: string, subtype: 'float64[null]'}
# - {name: Z, datatype: float64}
# meta: !!omap
# - {survey_data: "{\n    \"observing\": {\n        \"NORM_FRB\": 50,\n        \"TOBS\": 48.325\n    },\n    \"telescope\": {\n      \
#     \  \"BEAM\": \"lat50_log\",\n        \"DIAM\": 12.0,\n        \"NBEAMS\": 1,\n        \"NBINS\": 5\n    }\n}"}
# schema: astropy-2.0
TNS BW DM DMG FBAR FRES Gb Gl NREP SNR SNRTHRESH THRESH TRES WIDTH XDec XRA Z
[from data line 3641]
3641 288.0 187.0 35.0 1320.0 1.0 "" "" 1 70.2 9.5 0.99 1.7 3.0 "" "" 0.146
3642 288.0 662.4 35.0 1320.0 1.0 "" "" 1 13.6 9.5 0.99 1.7 4.0 "" "" 0.601
3643 288.0 1232.5 35.0 1320.0 1.0 "" "" 1 35.7 9.5 0.99 1.7 0.0 "" "" 0.809
3644 288.0 968.8 35.0 1320.0 1.0 "" "" 1 23.5 9.5 0.99 1.7 1.0 "" "" 0.551
3645 288.0 803.9 35.0 1320.0 1.0 "" "" 1 16.8 9.5 0.99 1.7 3.0 "" "" 0.008
3646 288.0 445.4 35.0 1320.0 1.0 "" "" 1 36.9 9.5 0.99 1.7 2.0 "" "" 0.386
3647 288.0 354.7 35.0 1320.0 1.0 "" "" 1 17.8 9.5 0.99 1.7 3.0 "" "" 0.188
3648 288.0 846.3 35.0 1320.0 1.0 "" "" 1 9.6 9.5 0.99 1.7 2.0 "" "" 0.851
3649 288.0 439.6 35.0 1320.0 1.0 "" "" 1 17.2 9.5 0.99 1.7 3.0 "" "" 0.33
3650 288.0 829.2 35.0 1320.0 1.0 "" "" 1 10.9 9.5 0.99 1.7 3.0 "" "" 1.04
3651 288.0 593.3 35.0 1320.0 1.0 "" "" 1 12.5 9.5 0.99 1.7 2.0 "" "" 0.552
3652 288.0 1187.9 35.0 1320.0 1.0 "" "" 1 15.5 9.5 0.99 1.7 1.0 "" "" 1.04
3653 288.0 693.3 35.0 1320.0 1.0 "" "" 1 22.4 9.5 0.99 1.7 4.0 "" "" 0.351
3654 288.0 283.0 35.0 1320.0 1.0 "" "" 1 96.6 9.5 0.99 1.7 4.0 "" "" 0.146
3655 288.0 794.3 35.0 1320.0 1.0 "" "" 1 40.2 9.5 0.99 1.7 2.0 "" "" 0.827
3656 288.0 379.7 35.0 1320.0 1.0 "" "" 1 614.3 9.5 0.99 1.7 0.0 "" "" 0.061
3657 288.0 166.8 35.0 1320.0 1.0 "" "" 1 10.9 9.5 0.99 1.7 1.0 "" "" 0.048
3658 288.0 523.3 35.0 1320.0 1.0 "" "" 1 25.2 9.5 0.99 1.7 3.0 "" "" 0.687
3659 288.0 1424.4 35.0 1320.0 1.0 "" "" 1 11.4 9.5 0.99 1.7 3.0 "" "" 0.715
3660 288.0 403.8 35.0 1320.0 1.0 "" "" 1 16.6 9.5 0.99 1.7 0.0 "" "" 0.072
3661 288.0 126.8 35.0 1320.0 1.0 "" "" 1 30.3 9.5 0.99 1.7 1.0 "" "" 0.044
3662 288.0 464.5 35.0 1320.0 1.0 "" "" 1 10.6 9.5 0.99 1.7 3.0 "" "" 0.415
3663 288.0 538.3 35.0 1320.0 1.0 "" "" 1 11.6 9.5 0.99 1.7 2.0 "" "" 0.556
3664 288.0 396.8 35.0 1320.0 1.0 "" "" 1 14.5 9.5 0.99 1.7 4.0 "" "" 0.088
3665 288.0 867.8 35.0 1320.0 1.0 "" "" 1 28.8 9.5 0.99 1.7 1.0 "" "" 0.785
3666 288.0 302.8 35.0 1320.0 1.0 "" "" 1 32.3 9.5 0.99 1.7 1.0 "" "" 0.073
3667 288.0 1095.3 35.0 1320.0 1.0 "" "" 1 11.2 9.5 0.99 1.7 3.0 "" "" 0.527
3668 288.0 1676.8 35.0 1320.0 1.0 "" "" 1 15.2 9.5 0.99 1.7 1.0 "" "" 0.853
3669 288.0 565.5 35.0 1320.0 1.0 "" "" 1 27.8 9.5 0.99 1.7 3.0 "" "" 0.503
3670 288.0 825.9 35.0 1320.0 1.0 "" "" 1 11.8 9.5 0.99 1.7 3.0 "" "" 0.572
3671 288.0 400.3 35.0 1320.0 1.0 "" "" 1 29.2 9.5 0.99 1.7 4.0 "" "" 0.391
3672 288.0 300.7 35.0 1320.0 1.0 "" "" 1 10.8 9.5 0.99 1.7 4.0 "" "" 0.22
3673 288.0 649.0 35.0 1320.0 1.0 "" "" 1 15.8 9.5 0.99 1.7 2.0 "" "" 0.422
3674 288.0 276.2 35.0 1320.0 1.0 "" "" 1 15.8 9.5 0.99 1.7 3.0 "" "" 0.249
3675 288.0 1045.6 35.0 1320.0 1.0 "" "" 1 23.0 9.5 0.99 1.7 2.0 "" "" 0.699
3676 288.0 416.2 35.0 1320.0 1.0 "" "" 1 9.6 9.5 0.99 1.7 3.0 "" "" 0.248
3677 288.0 317.7 35.0 1320.0 1.0 "" "" 1 10.6 9.5 0.99 1.7 3.0 "" "" 0.001
3678 288.0 269.1 35.0 1320.0 1.0 "" "" 1 14.7 9.5 0.99 1.7 3.0 "" "" 0.18
3679 288.0 348.2 35.0 1320.0 1.0 "" "" 1 16.7 9.5 0.99 1.7 4.0 "" "" 0.164
3680 288.0 415.2 35.0 1320.0 1.0 "" "" 1 33.3 9.5 0.99 1.7 2.0 "" "" 0.182
3681 288.0 509.2 35.0 1320.0 1.0 "" "" 1 80.8 9.5 0.99 1.7 2.0 "" "" 0.577
3682 288.0 818.8 35.0 1320.0 1.0 "" "" 1 11.0 9.5 0.99 1.7 2.0 "" "" 1.183
3683 288.0 570.6 35.0 1320.0 1.0 "" "" 1 73.0 9.5 0.99 1.7 2.0 "" "" 0.358
3684 288.0 1171.6 35.0 1320.0 1.0 "" "" 1 17.4 9.5 0.99 1.7 2.0 "" "" 1.067
3685 288.0 690.8 35.0 1320.0 1.0 "" "" 1 14.5 9.5 0.99 1.7 2.0 "" "" 0.121
3686 288.0 1145.7 35.0 1320.0 1.0 "" "" 1 13.9 9.5 0.99 1.7 1.0 "" "" 0.282
3687 288.0 123.7 35.0 1320.0 1.0 "" "" 1 21.8 9.5 0.99 1.7 2.0 "" "" 0.042
3688 288.0 292.8 35.0 1320.0 1.0 "" "" 1 51.0 9.5 0.99 1.7 4.0 "" "" 0.161
3689 288.0 219.2 35.0 1320.0 1.0 "" "" 1 26.2 9.5 0.99 1.7 2.0 "" "" 0.081
3690 288.0 732.0 35.0 1320.0 1.0 "" "" 1 33.5 9.5 0.99 1.7 3.0 "" "" 0.355
3691 288.0 879.6 35.0 1320.0 1.0 "" "" 1 12.9 9.5 0.99 1.7 1.0 "" "" 0.016
3692 288.0 376.5 35.0 1320.0 1.0 "" "" 1 429.3 9.5 0.99 1.7 3.0 "" "" 0.024
3693 288.0 421.4 35.0 1320.0 1.0 "" "" 1 15.3 9.5 0.99 1.7 3.0 "" "" 0.402
3694 288.0 1291.9 35.0 1320.0 1.0 "" "" 1 18.3 9.5 0.99 1.7 3.0 "" "" 0.95
3695 288.0 342.4 35.0 1320.0 1.0 "" "" 1 43.8 9.5 0.99 1.7 1.0 "" "" 0.053
3696 288.0 857.9 35.0 1320.0 1.0 "" "" 1 15.9 9.5 0.99 1.7 3.0 "" "" 0.876
3697 288.0 659.2 35.0 1320.0 1.0 "" "" 1 10.7 9.5 0.99 1.7 3.0 "" "" 0.55
3698 288.0 337.9 35.0 1320.0 1.0 "" "" 1 14.7 9.5 0.99 1.7 5.0 "" "" 0.306
3699 288.0 732.0 35.0 1320.0 1.0 "" "" 1 21.7 9.5 0.99 1.7 1.0 "" "" 0.418
3700 288.0 264.4 35.0 1320.0 1.0 "" "" 1 14.0 9.5 0.99 1.7 1.0 "" "" 0.121
3701 288.0 949.0 35.0 1320.0 1.0 "" "" 1 20.5 9.5 0.99 1.7 2.0 "" "" 1.05
3702 288.0 226.7 35.0 1320.0 1.0 "" "" 1 19.7 9.5 0.99 1.7 4.0 "" "" 0.19
3703 288.0 556.6 35.0 1320.0 1.0 "" "" 1 19.0 9.5 0.99 1.7 2.0 "" "" 0.096
3704 288.0 481.2 35.0 1320.0 1.0 "" "" 1 11.8 9.5 0.99 1.7 3.0 "" "" 0.587
3705 288.0 180.3 35.0 1320.0 1.0 "" "" 1 92.2 9.5 0.99 1.7 2.0 "" "" 0.049
3706 288.0 326.4 35.0 1320.0 1.0 "" "" 1 11.6 9.5 0.99 1.7 3.0 "" "" 0.358
3707 288.0 415.6 35.0 1320.0 1.0 "" "" 1 13.3 9.5 0.99 1.7 2.0 "" "" 0.112
3708 288.0 211.4 35.0 1320.0 1.0 "" "" 1 77.1 9.5 0.99 1.7 4.0 "" "" 0.046
3709 288.0 841.9 35.0 1320.0 1.0 "" "" 1 18.3 9.5 0.99 1.7 4.0 "" "" 0.092
3710 288.0 414.3 35.0 1320.0 1.0 "" "" 1 13.5 9.5 0.99 1.7 4.0 "" "" 0.421
3711 288.0 237.3 35.0 1320.0 1.0 "" "" 1 18.0 9.5 0.99 1.7 2.0 "" "" 0.03
3712 288.0 352.1 35.0 1320.0 1.0 "" "" 1 764.8 9.5 0.99 1.7 4.0 "" "" 0.104
3713 288.0 658.9 35.0 1320.0 1.0 "" "" 1 17.5 9.5 0.99 1.7 1.0 "" "" 0.711
3714 288.0 258.3 35.0 1320.0 1.0 "" "" 1 30.2 9.5 0.99 1.7 3.0 "" "" 0.243
3715 288.0 332.4 35.0 1320.0 1.0 "" "" 1 10.4 9.5 0.99 1.7 4.0 "" "" 0.048
3716 288.0 550.6 35.0 1320.0 1.0 "" "" 1 49.2 9.5 0.99 1.7 2.0 "" "" 0.336
3717 288.0 310.2 35.0 1320.0 1.0 "" "" 1 12.7 9.5 0.99 1.7 2.0 "" "" 0.095
3718 288.0 1048.4 35.0 1320.0 1.0 "" "" 1 11.0 9.5 0.99 1.7 1.0 "" "" 1.296
3719 288.0 749.5 35.0 1320.0 1.0 "" "" 1 13.3 9.5 0.99 1.7 1.0 "" "" 0.359
3720 288.0 359.4 35.0 1320.0 1.0 "" "" 1 32.6 9.5 0.99 1.7 3.0 "" "" 0.513
3721 288.0 156.6 35.0 1320.0 1.0 "" "" 1 60.7 9.5 0.99 1.7 1.0 "" "" 0.05
3722 288.0 741.0 35.0 1320.0 1.0 "" "" 1 11.7 9.5 0.99 1.7 2.0 "" "" 0.812
3723 288.0 765.2 35.0 1320.0 1.0 "" "" 1 10.5 9.5 0.99 1.7 3.0 "" "" 0.465
3724 288.0 377.5 35.0 1320.0 1.0 "" "" 1 10.7 9.5 0.99 1.7 2.0 "" "" 0.246
3725 288.0 897.8 35.0 1320.0 1.0 "" "" 1 15.8 9.5 0.99 1.7 3.0 "" "" 0.816
3726 288.0 304.9 35.0 1320.0 1.0 "" "" 1 12.1 9.5 0.99 1.7 3.0 "" "" 0.223
3727 288.0 799.1 35.0 1320.0 1.0 "" "" 1 19.2 9.5 0.99 1.7 3.0 "" "" 0.499
3728 288.0 1061.9 35.0 1320.0 1.0 "" "" 1 9.7 9.5 0.99 1.7 5.0 "" "" 0.633
3729 288.0 218.1 35.0 1320.0 1.0 "" "" 1 24.8 9.5 0.99 1.7 3.0 "" "" 0.1
3730 288.0 915.1 35.0 1320.0 1.0 "" "" 1 36.2 9.5 0.99 1.7 3.0 "" "" 0.612
3731 288.0 498.1 35.0 1320.0 1.0 "" "" 1 15.8 9.5 0.99 1.7 3.0 "" "" 0.62
3732 288.0 445.1 35.0 1320.0 1.0 "" "" 1 9.6 9.5 0.99 1.7 1.0 "" "" 0.512
3733 288.0 276.6 35.0 1320.0 1.0 "" "" 1 30.4 9.5 0.99 1.7 3.0 "" "" 0.267
3734 288.0 906.3 35.0 1320.0 1.0 "" "" 1 9.9 9.5 0.99 1.7 3.0 "" "" 0.438
3735 288.0 573.0 35.0 1320.0 1.0 "" "" 1 11.6 9.5 0.99 1.7 2.0 "" "" 0.636
3736 288.0 1021.3 35.0 1320.0 1.0 "" "" 1 13.2 9.5 0.99 1.7 2.0 "" "" 0.95
3737 288.0 720.4 35.0 1320.0 1.0 "" "" 1 25.4 9.5 0.99 1.7 2.0 "" "" 0.835
3738 288.0 833.4 35.0 1320.0 1.0 "" "" 1 17.9 9.5 0.99 1.7 3.0 "" "" 0.61
3739 288.0 508.5 35.0 1320.0 1.0 "" "" 1 25.7 9.5 0.99 1.7 1.0 "" "" 0.033
3740 288.0 1114.4 35.0 1320.0 1.0 "" "" 1 12.4 9.5 0.99 1.7 1.0 "" "" 0.825
3741 288.0 557.5 35.0 1320.0 1.0 "" "" 1 20.8 9.5 0.99 1.7 2.0 "" "" 0.601
3742 288.0 177.2 35.0 1320.0 1.0 "" "" 1 21.8 9.5 0.99 1.7 4.0 "" "" 0.113
3743 288.0 771.7 35.0 1320.0 1.0 "" "" 1 32.4 9.5 0.99 1.7 5.0 "" "" 0.173
3744 288.0 540.1 35.0 1320.0 1.0 "" "" 1 11.8 9.5 0.99 1.7 0.0 "" "" 0.534
3745 288.0 1116.9 35.0 1320.0 1.0 "" "" 1 14.3 9.5 0.99 1.7 3.0 "" "" 1.183
3746 288.0 528.0 35.0 1320.0 1.0 "" "" 1 39.0 9.5 0.99 1.7 4.0 "" "" 0.47
3747 288.0 330.2 35.0 1320.0 1.0 "" "" 1 204.2 9.5 0.99 1.7 5.0 "" "" 0.054
3748 288.0 368.4 35.0 1320.0 1.0 "" "" 1 38.2 9.5 0.99 1.7 3.0 "" "" 0.418
3749 288.0 900.2 35.0 1320.0 1.0 "" "" 1 15.1 9.5 0.99 1.7 1.0 "" "" 1.055
3750 288.0 554.1 35.0 1320.0 1.0 "" "" 1 13.5 9.5 0.99 1.7 2.0 "" "" 0.503
3751 288.0 1189.4 35.0 1320.0 1.0 "" "" 1 16.6 9.5 0.99 1.7 2.0 "" "" 1.084
3752 288.0 641.5 35.0 1320.0 1.0 "" "" 1 116.9 9.5 0.99 1.7 2.0 "" "" 0.354
3753 288.0 853.9 35.0 1320.0 1.0 "" "" 1 25.6 9.5 0.99 1.7 3.0 "" "" 0.711
3754 288.0 299.0 35.0 1320.0 1.0 "" "" 1 22.3 9.5 0.99 1.7 1.0 "" "" 0.319
3755 288.0 536.5 35.0 1320.0 1.0 "" "" 1 24.4 9.5 0.99 1.7 4.0 "" "" 0.534
3756 288.0 188.4 35.0 1320.0 1.0 "" "" 1 24.1 9.5 0.99 1.7 5.0 "" "" 0.019
3757 288.0 332.0 35.0 1320.0 1.0 "" "" 1 24.2 9.5 0.99 1.7 2.0 "" "" 0.287
3758 288.0 150.9 35.0 1320.0 1.0 "" "" 1 10.6 9.5 0.99 1.7 2.0 "" "" 0.005
3759 288.0 459.1 35.0 1320.0 1.0 "" "" 1 12.0 9.5 0.99 1.7 1.0 "" "" 0.38
3760 288.0 1050.7 35.0 1320.0 1.0 "" "" 1 9.6 9.5 0.99 1.7 4.0 "" "" 0.118
3761 288.0 324.3 35.0 1320.0 1.0 "" "" 1 9.8 9.5 0.99 1.7 2.0 "" "" 0.348
3762 288.0 227.2 35.0 1320.0 1.0 "" "" 1 158.4 9.5 0.99 1.7 3.0 "" "" 0.066
3763 288.0 681.0 35.0 1320.0 1.0 "" "" 1 19.0 9.5 0.99 1.7 6.0 "" "" 0.054
3764 288.0 455.8 35.0 1320.0 1.0 "" "" 1 21.8 9.5 0.99 1.7 1.0 "" "" 0.218
3765 288.0 977.3 35.0 1320.0 1.0 "" "" 1 11.8 9.5 0.99 1.7 3.0 "" "" 1.173
3766 288.0 1041.1 35.0 1320.0 1.0 "" "" 1 13.7 9.5 0.99 1.7 3.0 "" "" 0.749
3767 288.0 744.7 35.0 1320.0 1.0 "" "" 1 11.4 9.5 0.99 1.7 3.0 "" "" 0.71
3768 288.0 415.0 35.0 1320.0 1.0 "" "" 1 15.2 9.5 0.99 1.7 2.0 "" "" 0.006
3769 288.0 652.4 35.0 1320.0 1.0 "" "" 1 9.8 9.5 0.99 1.7 2.0 "" "" 0.883
3770 288.0 1241.9 35.0 1320.0 1.0 "" "" 1 13.1 9.5 0.99 1.7 1.0 "" "" 1.416
3771 288.0 722.6 35.0 1320.0 1.0 "" "" 1 31.9 9.5 0.99 1.7 2.0 "" "" 0.536
3772 288.0 330.5 35.0 1320.0 1.0 "" "" 1 19.2 9.5 0.99 1.7 1.0 "" "" 0.189
3773 288.0 391.0 35.0 1320.0 1.0 "" "" 1 101.0 9.5 0.99 1.7 4.0 "" "" 0.016
3774 288.0 336.0 35.0 1320.0 1.0 "" "" 1 12.6 9.5 0.99 1.7 4.0 "" "" 0.014
3775 288.0 1128.3 35.0 1320.0 1.0 "" "" 1 15.0 9.5 0.99 1.7 4.0 "" "" 0.198
3776 288.0 686.4 35.0 1320.0 1.0 "" "" 1 35.7 9.5 0.99 1.7 3.0 "" "" 0.078
3777 288.0 643.7 35.0 1320.0 1.0 "" "" 1 24.0 9.5 0.99 1.7 3.0 "" "" 0.727
3778 288.0 252.0 35.0 1320.0 1.0 "" "" 1 14.5 9.5 0.99 1.7 1.0 "" "" 0.099
3779 288.0 1433.0 35.0 1320.0 1.0 "" "" 1 10.7 9.5 0.99 1.7 1.0 "" "" 1.065
3780 288.0 1062.9 35.0 1320.0 1.0 "" "" 1 18.3 9.5 0.99 1.7 1.0 "" "" 1.167
3781 288.0 647.4 35.0 1320.0 1.0 "" "" 1 14.6 9.5 0.99 1.7 1.0 "" "" 0.325
3782 288.0 304.6 35.0 1320.0 1.0 "" "" 1 187.0 9.5 0.99 1.7 3.0 "" "" 0.13
3783 288.0 646.6 35.0 1320.0 1.0 "" "" 1 13.5 9.5 0.99 1.7 0.0 "" "" 0.413
3784 288.0 456.6 35.0 1320.0 1.0 "" "" 1 10.6 9.5 0.99 1.7 2.0 "" "" 0.533
3785 288.0 198.3 35.0 1320.0 1.0 "" "" 1 65.8 9.5 0.99 1.7 3.0 "" "" 0.138
3786 288.0 589.0 35.0 1320.0 1.0 "" "" 1 15.0 9.5 0.99 1.7 1.0 "" "" 0.42
3787 288.0 372.1 35.0 1320.0 1.0 "" "" 1 324.6 9.5 0.99 1.7 3.0 "" "" 0.199
3788 288.0 324.5 35.0 1320.0 1.0 "" "" 1 18.6 9.5 0.99 1.7 3.0 "" "" 0.245
3789 288.0 1083.0 35.0 1320.0 1.0 "" "" 1 21.6 9.5 0.99 1.7 0.0 "" "" 1.207
3790 288.0 924.5 35.0 1320.0 1.0 "" "" 1 13.8 9.5 0.99 1.7 0.0 "" "" 0.466
3791 288.0 371.8 35.0 1320.0 1.0 "" "" 1 10.5 9.5 0.99 1.7 3.0 "" "" 0.32
3792 288.0 188.4 35.0 1320.0 1.0 "" "" 1 25.1 9.5 0.99 1.7 3.0 "" "" 0.169
3793 288.0 1041.1 35.0 1320.0 1.0 "" "" 1 15.4 9.5 0.99 1.7 5.0 "" "" 0.591
3794 288.0 1061.6 35.0 1320.0 1.0 "" "" 1 9.7 9.5 0.99 1.7 1.0 "" "" 1.134
3795 288.0 334.4 35.0 1320.0 1.0 "" "" 1 49.0 9.5 0.99 1.7 4.0 "" "" 0.283
3796 288.0 553.1 35.0 1320.0 1.0 "" "" 1 39.9 9.5 0.99 1.7 3.0 "" "" 0.441
3797 288.0 305.7 35.0 1320.0 1.0 "" "" 1 24.6 9.5 0.99 1.7 4.0 "" "" 0.246
3798 288.0 683.4 35.0 1320.0 1.0 "" "" 1 17.7 9.5 0.99 1.7 1.0 "" "" 0.582
3799 288.0 449.2 35.0 1320.0 1.0 "" "" 1 17.6 9.5 0.99 1.7 2.0 "" "" 0.485
3800 288.0 613.3 35.0 1320.0 1.0 "" "" 1 22.7 9.5 0.99 1.7 2.0 "" "" 0.667
3801 288.0 1328.4 35.0 1320.0 1.0 "" "" 1 12.8 9.5 0.99 1.7 3.0 "" "" 0.423
3802 288.0 547.8 35.0 1320.0 1.0 "" "" 1 10.1 9.5 0.99 1.7 4.0 "" "" 0.363
3803 288.0 659.0 35.0 1320.0 1.0 "" "" 1 23.6 9.5 0.99 1.7 3.0 "" "" 0.139
3804 288.0 258.9 35.0 1320.0 1.0 "" "" 1 130.6 9.5 0.99 1.7 2.0 "" "" 0.045
3805 288.0 677.4 35.0 1320.0 1.0 "" "" 1 13.9 9.5 0.99 1.7 3.0 "" "" 0.436
3806 288.0 858.3 35.0 1320.0 1.0 "" "" 1 26.9 9.5 0.99 1.7 3.0 "" "" 0.675
3807 288.0 644.2 35.0 1320.0 1.0 "" "" 1 15.6 9.5 0.99 1.7 2.0 "" "" 0.082
3808 288.0 830.8 35.0 1320.0 1.0 "" "" 1 14.5 9.5 0.99 1.7 2.0 "" "" 0.82
3809 288.0 934.2 35.0 1320.0 1.0 "" "" 1 14.0 9.5 0.99 1.7 2.0 "" "" 0.584
3810 288.0 267.0 35.0 1320.0 1.0 "" "" 1 36.6 9.5 0.99 1.7 3.0 "" "" 0.285
3811 288.0 837.8 35.0 1320.0 1.0 "" "" 1 15.6 9.5 0.99 1.7 2.0 "" "" 0.091
3812 288.0 397.7 35.0 1320.0 1.0 "" "" 1 12.5 9.5 0.99 1.7 4.0 "" "" 0.037
3813 288.0 533.2 35.0 1320.0 1.0 "" "" 1 9.8 9.5 0.99 1.7 3.0 "" "" 0.382
3814 288.0 401.0 35.0 1320.0 1.0 "" "" 1 46.7 9.5 0.99 1.7 1.0 "" "" 0.134
3815 288.0 247.2 35.0 1320.0 1.0 "" "" 1 13.0 9.5 0.99 1.7 0.0 "" "" 0.109
3816 288.0 982.0 35.0 1320.0 1.0 "" "" 1 56.3 9.5 0.99 1.7 3.0 "" "" 0.53
3817 288.0 722.5 35.0 1320.0 1.0 "" "" 1 25.4 9.5 0.99 1.7 3.0 "" "" 0.348
3818 288.0 874.2 35.0 1320.0 1.0 "" "" 1 16.9 9.5 0.99 1.7 2.0 "" "" 0.724
3819 288.0 849.3 35.0 1320.0 1.0 "" "" 1 9.9 9.5 0.99 1.7 4.0 "" "" 0.937
3820 288.0 1147.9 35.0 1320.0 1.0 "" "" 1 24.5 9.5 0.99 1.7 2.0 "" "" 0.122
3821 288.0 1635.5 35.0 1320.0 1.0 "" "" 1 21.8 9.5 0.99 1.7 2.0 "" "" 0.556
3822 288.0 513.5 35.0 1320.0 1.0 "" "" 1 37.2 9.5 0.99 1.7 2.0 "" "" 0.089
3823 288.0 271.7 35.0 1320.0 1.0 "" "" 1 14.6 9.5 0.99 1.7 3.0 "" "" 0.162
3824 288.0 363.7 35.0 1320.0 1.0 "" "" 1 12.0 9.5 0.99 1.7 4.0 "" "" 0.281
3825 288.0 931.3 35.0 1320.0 1.0 "" "" 1 9.6 9.5 0.99 1.7 1.0 "" "" 1.034
3826 288.0 1294.4 35.0 1320.0 1.0 "" "" 1 10.5 9.5 0.99 1.7 2.0 "" "" 1.119
3827 288.0 425.0 35.0 1320.0 1.0 "" "" 1 19.8 9.5 0.99 1.7 3.0 "" "" 0.536
3828 288.0 439.1 35.0 1320.0 1.0 "" "" 1 10.5 9.5 0.99 1.7 4.0 "" "" 0.485
3829 288.0 456.7 35.0 1320.0 1.0 "" "" 1 18.6 9.5 0.99 1.7 3.0 "" "" 0.303
3830 288.0 545.1 35.0 1320.0 1.0 "" "" 1 26.1 9.5 0.99 1.7 1.0 "" "" 0.343
3831 288.0 688.6 35.0 1320.0 1.0 "" "" 1 37.4 9.5 0.99 1.7 1.0 "" "" 0.853
3832 288.0 295.9 35.0 1320.0 1.0 "" "" 1 14.4 9.5 0.99 1.7 2.0 "" "" 0.129
3833 288.0 381.9 35.0 1320.0 1.0 "" "" 1 57.1 9.5 0.99 1.7 0.0 "" "" 0.41
3834 288.0 1123.6 35.0 1320.0 1.0 "" "" 1 10.7 9.5 0.99 1.7 2.0 "" "" 1.087
3835 288.0 564.6 35.0 1320.0 1.0 "" "" 1 10.6 9.5 0.99 1.7 0.0 "" "" 0.582
3836 288.0 565.9 35.0 1320.0 1.0 "" "" 1 99.5 9.5 0.99 1.7 2.0 "" "" 0.545
3837 288.0 378.5 35.0 1320.0 1.0 "" "" 1 26.1 9.5 0.99 1.7 1.0 "" "" 0.178
3838 288.0 1813.3 35.0 1320.0 1.0 "" "" 1 13.0 9.5 0.99 1.7 2.0 "" "" 1.036
3839 288.0 158.4 35.0 1320.0 1.0 "" "" 1 15.3 9.5 0.99 1.7 2.0 "" "" 0.042
3840 288.0 735.9 35.0 1320.0 1.0 "" "" 1 9.6 9.5 0.99 1.7 1.0 "" "" 0.854
3841 288.0 1128.0 35.0 1320.0 1.0 "" "" 1 14.1 9.5 0.99 1.7 2.0 "" "" 0.896
3842 288.0 369.2 35.0 1320.0 1.0 "" "" 1 18.9 9.5 0.99 1.7 1.0 "" "" 0.079
3843 288.0 946.2 35.0 1320.0 1.0 "" "" 1 11.5 9.5 0.99 1.7 4.0 "" "" 0.788
3844 288.0 513.0 35.0 1320.0 1.0 "" "" 1 119.2 9.5 0.99 1.7 2.0 "" "" 0.497
3845 288.0 486.0 35.0 1320.0 1.0 "" "" 1 23.8 9.5 0.99 1.7 3.0 "" "" 0.052
3846 288.0 548.7 35.0 1320.0 1.0 "" "" 1 130.4 9.5 0.99 1.7 4.0 "" "" 0.085
3847 288.0 444.1 35.0 1320.0 1.0 "" "" 1 11.5 9.5 0.99 1.7 3.0 "" "" 0.462
3848 288.0 977.7 35.0 1320.0 1.0 "" "" 1 14.0 9.5 0.99 1.7 3.0 "" "" 1.205
3849 288.0 451.2 35.0 1320.0 1.0 "" "" 1 17.4 9.5 0.99 1.7 2.0 "" "" 0.564
3850 288.0 413.3 35.0 1320.0 1.0 "" "" 1 15.1 9.5 0.99 1.7 4.0 "" "" 0.228
3851 288.0 798.6 35.0 1320.0 1.0 "" "" 1 38.2 9.5 0.99 1.7 3.0 "" "" 0.709
3852 288.0 246.5 35.0 1320.0 1.0 "" "" 1 59.3 9.5 0.99 1.7 3.0 "" "" 0.055
