zdm/data/Surveys/CRAFT_CRACO_900.ecsv
# %ECSV 1.0
# ---
# datatype:
# - {name: TNS, datatype: string}
# - {name: DM, datatype: float64}
# - {name: RA, datatype: string}
# - {name: DEC, datatype: string}
# - {name: Z, datatype: float64}
# - {name: SNR, datatype: float64}
# - {name: WIDTH, datatype: float64}
# - {name: XWc, datatype: float64}
# - {name: Gl, unit: deg, datatype: float64}
# - {name: Gb, unit: deg, datatype: float64}
# - {name: DMG, datatype: float64}
# - {name: XDMG, datatype: float64}
# - {name: FBAR, datatype: float64}
# - {name: BW, datatype: float64}
# meta: !!omap
# - {survey_data: '{"observing": {"NORM_FRB": 17,"TOBS": 64.68,"MAX_IDT": 4096,"MAX_IW": 8, "MAXWMETH": 2},
#                   "telescope": {"BEAM": "CRACO_900", "DMMASK": "craco_900_mask.npy",
#                                 "DIAM": 12.0, "NBEAMS": 1, "NBINS": 5, "FBAR": 906,
#                                 "TRES": 13.8, "FRES": 1.0, "THRESH": 1.01, "SNRTHRESH": 9.5}}'}
# schema: astropy-2.0
TNS        DM       RA            DEC           Z       SNR    WIDTH  XWc Gl      Gb      DMG     XDMG     FBAR  BW
20231230A   676.5   07:55:02.63   08:30:51.80   0.506   14.3   69.1   2   212.4   17.97   80.50   97.66    888   288
20240117A   881.0   03:35:30.73   -15:51:08.98  0.644   14.2   -1     2   205.0   -50.39  35.47   36.91    888   288
20240203A   454.0   00:35:35.42   15:50:26.65   0.243   12.2   -1     1   117.3   -46.85  36.25   27.87    888   288
20240208A   260.2   10:36:55.08   -00:57:15.72  -1      10.3   4.3    1   248.3   47.16   38.96   27.51    888   288
20240210B   396.3   03:40:55.98   -41:51:43.60  0.325   10.1   -1     7   247.2   -52.55  34.11   26.36    888   288
20240216A   311.62  10:12:19.32   14:02:40.69   -1      10.9   -1     3   224.2   50.73   37.20   25.88    944   288
20240310A   601.8   01:10:29.27   -44:26:19.58  0.127   25.7   4.7    1   291.7   -72.27  30.10   19.82    896   192
20240312A   330.0   03:26:29.61   -54:36:03.54  0.049   12.2   -1     7   268.0   -50.68  35.75   26.72    808   192
20240316A   667.0   19:55:51.23   -65:26:07.42  -1      11.5   -1     1   330.7   -31.15  64.36   47.88    896   192
20240408A   520.0   14:39:28.11   -01:08:58.44  -1      11.6   -1     1   349.8   51.59   30.16   26.98    896   192
20240615A   200.96  02:15:51.28   -14:37:28.19  0.073   67.0   -1     1   184.7   -66.71  31.05   25.47    880   240
20240629A   534.4   05:34:11.56   -59:40:25.09  -1      17.0   4.6    1   268.3   -32.83  50.80   50.25    880   240
20240114A   530.2   21:27:39.82   04:19:45.84   -1      90.5   -1     1   57.4   -31.65   49.67   38.81    944   288
20240807A   530.0   01:33:12.66   -06:59:04.74  0.21    11.6   5.0    3   151.0   -67.54  31.66   21.70    944   288
20241005A   764.6   19:39:12.19   18:23:33.74   -1      28.6   -1     1   54.6   -1.76    500.81  509.58   912   240
20241014A   496.0   03:19:21.47   -58:19:15.94  -1      22.9   2.3    1   273.7   -49.58  36.63   27.72    888   288
20241027A   320.0   02:24:06.96   -20:42:12.71  0.036   13.5   18.2   3   201.0   -67.90  30.45   25.28    856   288
