zdm/data/Surveys/CRAFT_CRACO_MC_frbs_alpha1_5000.ecsv
# %ECSV 1.0
# ---
# datatype:
# - {name: TNS, datatype: string}
# - {name: BW, datatype: float64}
# - {name: DM, datatype: float64}
# - {name: DMG, datatype: float64}
# - {name: FBAR, datatype: float64}
# - {name: FRES, datatype: float64}
# - {name: Gb, datatype: string, subtype: 'float64[null]'}
# - {name: Gl, datatype: string, subtype: 'float64[null]'}
# - {name: NREP, datatype: int64}
# - {name: SNR, datatype: float64}
# - {name: SNRTHRESH, datatype: float64}
# - {name: THRESH, datatype: float64}
# - {name: TRES, datatype: float64}
# - {name: WIDTH, datatype: float64}
# - {name: XDec, datatype: string, subtype: 'float64[null]'}
# - {name: XRA, datatype: string, subtype: 'float64[null]'}
# - {name: Z, datatype: float64}
# meta: !!omap
# - {survey_data: "{\n    \"observing\": {\n        \"NORM_FRB\": 50,\n        \"TOBS\": 48.325\n    },\n    \"telescope\": {\n      \
#     \  \"BEAM\": \"lat50_log\",\n        \"DIAM\": 12.0,\n        \"NBEAMS\": 1,\n        \"NBINS\": 5\n    }\n}"}
# schema: astropy-2.0
TNS BW DM DMG FBAR FRES Gb Gl NREP SNR SNRTHRESH THRESH TRES WIDTH XDec XRA Z
[from data line 4921]
4921 288.0 596.2 35.0 1320.0 1.0 "" "" 1 36.5 9.5 0.99 1.7 4.0 "" "" 0.399
4922 288.0 268.8 35.0 1320.0 1.0 "" "" 1 19.4 9.5 0.99 1.7 3.0 "" "" 0.103
4923 288.0 200.6 35.0 1320.0 1.0 "" "" 1 17.9 9.5 0.99 1.7 3.0 "" "" 0.002
4924 288.0 811.5 35.0 1320.0 1.0 "" "" 1 17.8 9.5 0.99 1.7 2.0 "" "" 0.275
4925 288.0 891.3 35.0 1320.0 1.0 "" "" 1 15.6 9.5 0.99 1.7 3.0 "" "" 1.014
4926 288.0 556.1 35.0 1320.0 1.0 "" "" 1 12.7 9.5 0.99 1.7 2.0 "" "" 0.171
4927 288.0 665.3 35.0 1320.0 1.0 "" "" 1 21.1 9.5 0.99 1.7 3.0 "" "" 0.273
4928 288.0 163.5 35.0 1320.0 1.0 "" "" 1 10.0 9.5 0.99 1.7 2.0 "" "" 0.023
4929 288.0 268.4 35.0 1320.0 1.0 "" "" 1 31.7 9.5 0.99 1.7 2.0 "" "" 0.04
4930 288.0 362.7 35.0 1320.0 1.0 "" "" 1 98.9 9.5 0.99 1.7 3.0 "" "" 0.368
4931 288.0 284.4 35.0 1320.0 1.0 "" "" 1 23.3 9.5 0.99 1.7 5.0 "" "" 0.161
4932 288.0 336.1 35.0 1320.0 1.0 "" "" 1 37.5 9.5 0.99 1.7 1.0 "" "" 0.198
4933 288.0 352.7 35.0 1320.0 1.0 "" "" 1 10.7 9.5 0.99 1.7 2.0 "" "" 0.149
4934 288.0 165.4 35.0 1320.0 1.0 "" "" 1 30.3 9.5 0.99 1.7 1.0 "" "" 0.064
4935 288.0 253.5 35.0 1320.0 1.0 "" "" 1 13.1 9.5 0.99 1.7 2.0 "" "" 0.227
4936 288.0 794.8 35.0 1320.0 1.0 "" "" 1 10.4 9.5 0.99 1.7 4.0 "" "" 0.969
4937 288.0 1248.2 35.0 1320.0 1.0 "" "" 1 9.7 9.5 0.99 1.7 0.0 "" "" 1.371
4938 288.0 894.9 35.0 1320.0 1.0 "" "" 1 10.8 9.5 0.99 1.7 2.0 "" "" 1.105
4939 288.0 745.7 35.0 1320.0 1.0 "" "" 1 9.6 9.5 0.99 1.7 1.0 "" "" 0.893
4940 288.0 344.2 35.0 1320.0 1.0 "" "" 1 24.6 9.5 0.99 1.7 3.0 "" "" 0.359
4941 288.0 389.3 35.0 1320.0 1.0 "" "" 1 20.2 9.5 0.99 1.7 2.0 "" "" 0.216
4942 288.0 532.7 35.0 1320.0 1.0 "" "" 1 9.9 9.5 0.99 1.7 5.0 "" "" 0.044
4943 288.0 219.4 35.0 1320.0 1.0 "" "" 1 19.5 9.5 0.99 1.7 2.0 "" "" 0.057
4944 288.0 1153.9 35.0 1320.0 1.0 "" "" 1 15.2 9.5 0.99 1.7 3.0 "" "" 0.755
4945 288.0 568.9 35.0 1320.0 1.0 "" "" 1 67.3 9.5 0.99 1.7 2.0 "" "" 0.451
4946 288.0 500.7 35.0 1320.0 1.0 "" "" 1 12.1 9.5 0.99 1.7 1.0 "" "" 0.463
4947 288.0 261.9 35.0 1320.0 1.0 "" "" 1 22.6 9.5 0.99 1.7 2.0 "" "" 0.234
4948 288.0 520.6 35.0 1320.0 1.0 "" "" 1 17.2 9.5 0.99 1.7 2.0 "" "" 0.247
4949 288.0 1094.1 35.0 1320.0 1.0 "" "" 1 11.1 9.5 0.99 1.7 0.0 "" "" 0.01
4950 288.0 324.6 35.0 1320.0 1.0 "" "" 1 10.0 9.5 0.99 1.7 3.0 "" "" 0.332
4951 288.0 619.1 35.0 1320.0 1.0 "" "" 1 10.4 9.5 0.99 1.7 3.0 "" "" 0.822
4952 288.0 800.5 35.0 1320.0 1.0 "" "" 1 12.5 9.5 0.99 1.7 2.0 "" "" 0.47
4953 288.0 404.3 35.0 1320.0 1.0 "" "" 1 19.2 9.5 0.99 1.7 1.0 "" "" 0.172
4954 288.0 214.6 35.0 1320.0 1.0 "" "" 1 14.4 9.5 0.99 1.7 2.0 "" "" 0.167
4955 288.0 771.3 35.0 1320.0 1.0 "" "" 1 25.6 9.5 0.99 1.7 2.0 "" "" 0.959
4956 288.0 222.7 35.0 1320.0 1.0 "" "" 1 15.7 9.5 0.99 1.7 2.0 "" "" 0.039
4957 288.0 785.9 35.0 1320.0 1.0 "" "" 1 358.2 9.5 0.99 1.7 3.0 "" "" 0.118
4958 288.0 149.2 35.0 1320.0 1.0 "" "" 1 20.9 9.5 0.99 1.7 2.0 "" "" 0.041
4959 288.0 950.1 35.0 1320.0 1.0 "" "" 1 19.8 9.5 0.99 1.7 2.0 "" "" 1.133
4960 288.0 558.9 35.0 1320.0 1.0 "" "" 1 35.2 9.5 0.99 1.7 1.0 "" "" 0.683
4961 288.0 370.2 35.0 1320.0 1.0 "" "" 1 10.0 9.5 0.99 1.7 0.0 "" "" 0.3
4962 288.0 696.0 35.0 1320.0 1.0 "" "" 1 19.3 9.5 0.99 1.7 3.0 "" "" 0.6
4963 288.0 744.6 35.0 1320.0 1.0 "" "" 1 14.5 9.5 0.99 1.7 4.0 "" "" 0.867
4964 288.0 1368.0 35.0 1320.0 1.0 "" "" 1 16.1 9.5 0.99 1.7 1.0 "" "" 1.285
4965 288.0 515.3 35.0 1320.0 1.0 "" "" 1 17.5 9.5 0.99 1.7 2.0 "" "" 0.192
4966 288.0 407.7 35.0 1320.0 1.0 "" "" 1 9.7 9.5 0.99 1.7 3.0 "" "" 0.154
4967 288.0 428.7 35.0 1320.0 1.0 "" "" 1 35.9 9.5 0.99 1.7 2.0 "" "" 0.065
4968 288.0 1160.6 35.0 1320.0 1.0 "" "" 1 11.3 9.5 0.99 1.7 2.0 "" "" 1.585
4969 288.0 678.2 35.0 1320.0 1.0 "" "" 1 14.3 9.5 0.99 1.7 3.0 "" "" 0.605
4970 288.0 276.0 35.0 1320.0 1.0 "" "" 1 19.5 9.5 0.99 1.7 4.0 "" "" 0.181
4971 288.0 993.4 35.0 1320.0 1.0 "" "" 1 12.2 9.5 0.99 1.7 0.0 "" "" 0.117
4972 288.0 1191.2 35.0 1320.0 1.0 "" "" 1 11.1 9.5 0.99 1.7 1.0 "" "" 1.62
4973 288.0 1065.6 35.0 1320.0 1.0 "" "" 1 11.1 9.5 0.99 1.7 2.0 "" "" 0.688
4974 288.0 289.5 35.0 1320.0 1.0 "" "" 1 23.0 9.5 0.99 1.7 3.0 "" "" 0.213
4975 288.0 815.0 35.0 1320.0 1.0 "" "" 1 15.1 9.5 0.99 1.7 2.0 "" "" 0.774
4976 288.0 479.4 35.0 1320.0 1.0 "" "" 1 83.3 9.5 0.99 1.7 0.0 "" "" 0.364
4977 288.0 1039.8 35.0 1320.0 1.0 "" "" 1 23.5 9.5 0.99 1.7 1.0 "" "" 0.079
4978 288.0 307.1 35.0 1320.0 1.0 "" "" 1 15.8 9.5 0.99 1.7 2.0 "" "" 0.213
4979 288.0 425.5 35.0 1320.0 1.0 "" "" 1 10.7 9.5 0.99 1.7 5.0 "" "" 0.33
4980 288.0 591.5 35.0 1320.0 1.0 "" "" 1 9.7 9.5 0.99 1.7 3.0 "" "" 0.161
4981 288.0 543.6 35.0 1320.0 1.0 "" "" 1 23.9 9.5 0.99 1.7 3.0 "" "" 0.663
4982 288.0 332.9 35.0 1320.0 1.0 "" "" 1 13.0 9.5 0.99 1.7 3.0 "" "" 0.317
4983 288.0 768.6 35.0 1320.0 1.0 "" "" 1 13.6 9.5 0.99 1.7 2.0 "" "" 0.87
4984 288.0 859.1 35.0 1320.0 1.0 "" "" 1 16.3 9.5 0.99 1.7 4.0 "" "" 0.622
4985 288.0 710.9 35.0 1320.0 1.0 "" "" 1 10.3 9.5 0.99 1.7 4.0 "" "" 0.593
4986 288.0 317.9 35.0 1320.0 1.0 "" "" 1 38.7 9.5 0.99 1.7 3.0 "" "" 0.252
4987 288.0 244.3 35.0 1320.0 1.0 "" "" 1 10.0 9.5 0.99 1.7 4.0 "" "" 0.083
4988 288.0 1178.2 35.0 1320.0 1.0 "" "" 1 11.7 9.5 0.99 1.7 1.0 "" "" 1.493
4989 288.0 581.2 35.0 1320.0 1.0 "" "" 1 9.6 9.5 0.99 1.7 0.0 "" "" 0.034
4990 288.0 999.4 35.0 1320.0 1.0 "" "" 1 9.9 9.5 0.99 1.7 3.0 "" "" 1.08
4991 288.0 843.5 35.0 1320.0 1.0 "" "" 1 18.1 9.5 0.99 1.7 1.0 "" "" 0.143
4992 288.0 777.1 35.0 1320.0 1.0 "" "" 1 16.9 9.5 0.99 1.7 1.0 "" "" 0.912
4993 288.0 799.5 35.0 1320.0 1.0 "" "" 1 88.3 9.5 0.99 1.7 2.0 "" "" 0.484
4994 288.0 1271.0 35.0 1320.0 1.0 "" "" 1 11.5 9.5 0.99 1.7 3.0 "" "" 1.185
4995 288.0 387.8 35.0 1320.0 1.0 "" "" 1 14.2 9.5 0.99 1.7 2.0 "" "" 0.26
4996 288.0 596.3 35.0 1320.0 1.0 "" "" 1 10.4 9.5 0.99 1.7 4.0 "" "" 0.649
4997 288.0 813.4 35.0 1320.0 1.0 "" "" 1 19.8 9.5 0.99 1.7 3.0 "" "" 1.088
4998 288.0 390.9 35.0 1320.0 1.0 "" "" 1 26.5 9.5 0.99 1.7 1.0 "" "" 0.285
4999 288.0 881.8 35.0 1320.0 1.0 "" "" 1 18.2 9.5 0.99 1.7 3.0 "" "" 0.744
