zdm/data/Surveys/CRAFT_average_ICS.ecsv
# %ECSV 1.0
# ---
# datatype:
# - {name: TNS, datatype: string}
# - {name: BW, datatype: float64}
# - {name: DM, datatype: float64}
# - {name: DMG, datatype: float64}
# - {name: FBAR, datatype: float64}
# - {name: FRES, datatype: float64}
# - {name: Gb, unit: deg, datatype: float64}
# - {name: Gl, unit: deg, datatype: float64}
# - {name: SNR, datatype: float64}
# - {name: SNRTHRESH, datatype: float64}
# - {name: THRESH, datatype: float64}
# - {name: TRES, datatype: float64}
# - {name: WIDTH, datatype: float64}
# - {name: XDec, datatype: string}
# - {name: XRA, datatype: string}
# - {name: Z, datatype: float64}
# meta: !!omap
# - {survey_data: '{"observing": {"NORM_FRB": 28, "NORM_SINGLES": 28, "TOBS": 522.5, "TFIELD": 3.66}, 
#                   "telescope": {"BEAM": "ASKAP_average", "DIAM": 12.0, "NBEAMS": 36, "NBINS": 5,
#                                    "WBIAS":"mean_ICS_efficiency", "DRIFT_SCAN": 1}}'}
# schema: astropy-2.0
TNS BW DM DMG FBAR FRES Gb Gl SNR SNRTHRESH THRESH TRES WIDTH XDec XRA Z
20200430A 336.0 380.1 27.0 864.5 1.0 -50.423867191684614 126.69623499918922 16.0 9.0 4.4 1.728 6.5 12:22:34.007 15:18:49.581 0.161
20200627 336.0 294.0 40.0 920.5 1.0 -75.58714298569731 274.1944222920371 11.0 9.0 4.4 1.728 2.9 -39:29:05.0 21:46:47.0 -1.0
20200906A 336.0 577.8 35.9 864.5 1.0 -74.33639680729853 87.47153687885996 19.2 9.0 4.4 1.728 6.0 -14:04:59.9136 03:33:58.9364 0.36879
20210320 336.0 384.8 42.2 864.5 1.0 -78.99989352050102 126.81646106581941 15.3 9.0 4.4 1.728 5.4 -16:09:05.1 13:37:50.08605 0.28
20210807 336.0 251.9 121.2 920.5 1.0 -62.769666370514145 138.57666701461682 47.1 9.0 4.4 1.182 10.0 -00:45:44.5 19:56:53.144 0.12969
20210809 336.0 651.5 190.1 920.5 1.0 -61.10280652957891 133.77599069157813 16.8 9.0 4.4 1.182 14.2 01:19:43.5 18:04:37.7 -1.0
20211203 336.0 636.2 63.4 920.5 1.0 -85.70736537183255 294.09236840807733 14.2 9.0 4.4 1.182 9.6 -31:22:04.0 13:37:52.8 0.34386
20220501C 336.0 449.5 30.6 863.5 1.0 -79.3478690413585 245.52087739106628 16.1 9.0 4.4 1.182 6.5 -32:27:41.4 23:29:46.8 0.381
20220725A 336.0 290.4 30.7 920.5 1.0 -77.2090157833712 260.2992248635945 12.7 9.0 4.4 1.182 4.1 -36:07:51.2 23:33:32.1 0.1926
20230521A 336.0 640.2 41.8 831.5 1.0 -63.802137907452966 143.6440869115044 15.2 9.0 4.4 1.182 11.0 -02:23:09.6 21:51:00.3 -1.0
20230708A 336.0 411.5 50.2 920.5 1.0 -61.245461788949015 294.23527074045234 31.5 9.0 4.4 1.182 2.7 -55:22:59.4 20:12:56.9 0.105
20230902A 336.0 440.1 34.3 831.5 1.0 -68.28916777429704 320.20535326767765 11.8 9.0 4.4 1.182 6.0 -47:33:45.5 03:29:28.1 -1.0
20231006 336.0 509.7 67.5 863.5 1.0 -52.222367446784375 298.13333823887274 15.2 9.0 4.4 1.182 6.5 -64:38:56.2 19:44:00.8 -1.0
20231226 336.0 329.9 38.0 863.5 1.0 -56.65392198775274 118.39332419712602 17.8 9.0 4.4 1.182 7.1 06:07:45.9 10:21:07.6 -1.0
20210117A 336.0 730.0 34.4 1271.5 1.0 -75.7801432700954 164.65014968696988 27.1 9.0 4.4 1.182 3.4 -16:11:25.2 22:39:36.0 0.214
20210214A 336.0 398.3 31.9 1271.5 1.0 -65.65372930742399 91.72782990931984 11.6 9.0 4.4 1.182 3.5 -05:49:56 00:27:43 -1.0
20210407 336.0 1785.3 154.0 1271.5 1.0 -35.320866474063905 114.6146256941771 19.1 9.0 4.4 1.182 8.0 27:03:30.24 05:14:36.202 -1.0
20210912 336.0 1234.5 30.9 1271.5 1.0 -80.16655338584705 235.42165843951094 31.7 9.0 4.4 1.182 5.5 -30:29:33.1 23:24:40.3 -1.0
20211127 336.0 234.83 42.5 1271.5 1.0 -81.68554744714709 125.94306109583985 37.9 9.0 4.4 1.182 1.41 -18:49:28.4 13:19:09.5 0.046946
20220531A 336.0 727.0 70.0 1271.5 1.0 -56.509199987039224 296.83938685003784 9.7 9.0 4.4 1.182 11.0 -60:17:48.2 19:38:50.2 -1.0
20220610A 336.0 1458.1 31.0 1271.5 1.0 -78.89122591551634 250.56280818953536 29.8 9.0 4.4 1.182 5.6 -33:30:49.87 23:24:17.559 1.016
20220918A 336.0 656.8 40.7 1271.5 1.0 -45.81623556809721 308.4134807482381 26.4 9.0 4.4 1.182 7.1 -70:48:40.5 01:10:22.1 0.45
20230526A 336.0 316.4 50.0 1271.5 1.0 -62.994316139408156 318.1591960546148 22.1 9.0 4.4 1.182 2.6 -52:46:07.7 01:29:27.5 0.157
20230718A 336.0 477.0 396.0 1271.5 1.0 -75.66933767869608 316.30925962515585 10.9 9.0 4.4 1.182 2.3 -41:00:12.8 08:30:27.1 -1.0
20230731A 336.0 701.1 547.0 1271.5 1.0 -60.14372530213189 304.262204790738 16.6 9.0 4.4 1.182 3.3 -56:58:19.1 11:38:40.1 -1.0
20211212 336.0 206.0 27.1 1631.5 1.0 -61.10615576177682 118.0697870677333 12.8 9.0 4.4 1.182 2.7 01:40:36.8 10:30:40.7 0.0715
20220105 336.0 583.0 22.0 1631.5 1.0 -40.39508677874226 124.21912132806385 9.8 9.0 4.4 1.182 2.0 22:27:57.8 13:55:13.01 0.2785
20221106 336.0 343.8 34.8 1631.5 1.0 -81.71820282415577 41.73623647983608 19.5 9.0 4.4 1.182 5.7  -25:34:10.5166 03:46:49.0982 0.204

