zdm/data/Surveys/CRAFT_CRACO_MC_frbs_alpha1_5000.ecsv
# %ECSV 1.0
# ---
# datatype:
# - {name: TNS, datatype: string}
# - {name: BW, datatype: float64}
# - {name: DM, datatype: float64}
# - {name: DMG, datatype: float64}
# - {name: FBAR, datatype: float64}
# - {name: FRES, datatype: float64}
# - {name: Gb, datatype: string, subtype: 'float64[null]'}
# - {name: Gl, datatype: string, subtype: 'float64[null]'}
# - {name: NREP, datatype: int64}
# - {name: SNR, datatype: float64}
# - {name: SNRTHRESH, datatype: float64}
# - {name: THRESH, datatype: float64}
# - {name: TRES, datatype: float64}
# - {name: WIDTH, datatype: float64}
# - {name: XDec, datatype: string, subtype: 'float64[null]'}
# - {name: XRA, datatype: string, subtype: 'float64[null]'}
# - {name: Z, datatype: float64}
# meta: !!omap
# - {survey_data: "{\n    \"observing\": {\n        \"NORM_FRB\": 50,\n        \"TOBS\": 48.325\n    },\n    \"telescope\": {\n      \
#     \  \"BEAM\": \"lat50_log\",\n        \"DIAM\": 12.0,\n        \"NBEAMS\": 1,\n        \"NBINS\": 5\n    }\n}"}
# schema: astropy-2.0
TNS BW DM DMG FBAR FRES Gb Gl NREP SNR SNRTHRESH THRESH TRES WIDTH XDec XRA Z
[from data line 2788]
2788 288.0 171.4 35.0 1320.0 1.0 "" "" 1 10.8 9.5 0.99 1.7 2.0 "" "" 0.018
2789 288.0 1192.7 35.0 1320.0 1.0 "" "" 1 10.4 9.5 0.99 1.7 2.0 "" "" 1.551
2790 288.0 438.1 35.0 1320.0 1.0 "" "" 1 11.4 9.5 0.99 1.7 2.0 "" "" 0.358
2791 288.0 666.8 35.0 1320.0 1.0 "" "" 1 24.5 9.5 0.99 1.7 3.0 "" "" 0.29
2792 288.0 983.9 35.0 1320.0 1.0 "" "" 1 11.3 9.5 0.99 1.7 1.0 "" "" 0.996
2793 288.0 1044.7 35.0 1320.0 1.0 "" "" 1 16.4 9.5 0.99 1.7 3.0 "" "" 1.143
2794 288.0 260.4 35.0 1320.0 1.0 "" "" 1 287.3 9.5 0.99 1.7 2.0 "" "" 0.2
2795 288.0 247.9 35.0 1320.0 1.0 "" "" 1 44.3 9.5 0.99 1.7 1.0 "" "" 0.065
2796 288.0 321.2 35.0 1320.0 1.0 "" "" 1 71.8 9.5 0.99 1.7 2.0 "" "" 0.286
2797 288.0 1212.3 35.0 1320.0 1.0 "" "" 1 15.2 9.5 0.99 1.7 2.0 "" "" 1.512
2798 288.0 481.6 35.0 1320.0 1.0 "" "" 1 32.8 9.5 0.99 1.7 2.0 "" "" 0.131
2799 288.0 626.1 35.0 1320.0 1.0 "" "" 1 12.6 9.5 0.99 1.7 2.0 "" "" 0.693
2800 288.0 929.9 35.0 1320.0 1.0 "" "" 1 12.1 9.5 0.99 1.7 2.0 "" "" 0.779
2801 288.0 517.1 35.0 1320.0 1.0 "" "" 1 10.0 9.5 0.99 1.7 2.0 "" "" 0.662
2802 288.0 1273.9 35.0 1320.0 1.0 "" "" 1 9.6 9.5 0.99 1.7 3.0 "" "" 0.771
2803 288.0 589.1 35.0 1320.0 1.0 "" "" 1 11.9 9.5 0.99 1.7 3.0 "" "" 0.471
2804 288.0 396.0 35.0 1320.0 1.0 "" "" 1 10.1 9.5 0.99 1.7 3.0 "" "" 0.099
2805 288.0 408.1 35.0 1320.0 1.0 "" "" 1 10.6 9.5 0.99 1.7 1.0 "" "" 0.542
2806 288.0 562.2 35.0 1320.0 1.0 "" "" 1 10.3 9.5 0.99 1.7 1.0 "" "" 0.603
2807 288.0 1620.9 35.0 1320.0 1.0 "" "" 1 10.0 9.5 0.99 1.7 3.0 "" "" 1.457
2808 288.0 478.3 35.0 1320.0 1.0 "" "" 1 10.8 9.5 0.99 1.7 2.0 "" "" 0.104
2809 288.0 1127.5 35.0 1320.0 1.0 "" "" 1 11.6 9.5 0.99 1.7 3.0 "" "" 0.626
2810 288.0 304.6 35.0 1320.0 1.0 "" "" 1 15.0 9.5 0.99 1.7 2.0 "" "" 0.349
2811 288.0 413.8 35.0 1320.0 1.0 "" "" 1 22.6 9.5 0.99 1.7 2.0 "" "" 0.348
2812 288.0 530.3 35.0 1320.0 1.0 "" "" 1 40.5 9.5 0.99 1.7 2.0 "" "" 0.585
2813 288.0 1008.0 35.0 1320.0 1.0 "" "" 1 10.3 9.5 0.99 1.7 2.0 "" "" 0.536
2814 288.0 1150.2 35.0 1320.0 1.0 "" "" 1 18.0 9.5 0.99 1.7 2.0 "" "" 1.249
2815 288.0 1143.2 35.0 1320.0 1.0 "" "" 1 14.0 9.5 0.99 1.7 2.0 "" "" 1.27
2816 288.0 621.3 35.0 1320.0 1.0 "" "" 1 138.9 9.5 0.99 1.7 4.0 "" "" 0.083
2817 288.0 687.7 35.0 1320.0 1.0 "" "" 1 20.2 9.5 0.99 1.7 2.0 "" "" 0.341
2818 288.0 1421.8 35.0 1320.0 1.0 "" "" 1 11.7 9.5 0.99 1.7 3.0 "" "" 1.35
2819 288.0 271.8 35.0 1320.0 1.0 "" "" 1 50.4 9.5 0.99 1.7 2.0 "" "" 0.107
2820 288.0 542.4 35.0 1320.0 1.0 "" "" 1 33.1 9.5 0.99 1.7 4.0 "" "" 0.303
2821 288.0 200.9 35.0 1320.0 1.0 "" "" 1 19.1 9.5 0.99 1.7 1.0 "" "" 0.023
2822 288.0 757.7 35.0 1320.0 1.0 "" "" 1 11.8 9.5 0.99 1.7 0.0 "" "" 1.067
2823 288.0 312.5 35.0 1320.0 1.0 "" "" 1 21.0 9.5 0.99 1.7 2.0 "" "" 0.108
2824 288.0 717.2 35.0 1320.0 1.0 "" "" 1 12.2 9.5 0.99 1.7 3.0 "" "" 0.511
2825 288.0 725.9 35.0 1320.0 1.0 "" "" 1 32.6 9.5 0.99 1.7 2.0 "" "" 0.152
2826 288.0 289.2 35.0 1320.0 1.0 "" "" 1 27.8 9.5 0.99 1.7 2.0 "" "" 0.252
2827 288.0 714.3 35.0 1320.0 1.0 "" "" 1 16.8 9.5 0.99 1.7 2.0 "" "" 0.48
2828 288.0 581.9 35.0 1320.0 1.0 "" "" 1 12.7 9.5 0.99 1.7 2.0 "" "" 0.508
2829 288.0 581.9 35.0 1320.0 1.0 "" "" 1 37.4 9.5 0.99 1.7 3.0 "" "" 0.547
2830 288.0 337.7 35.0 1320.0 1.0 "" "" 1 37.1 9.5 0.99 1.7 2.0 "" "" 0.304
2831 288.0 513.7 35.0 1320.0 1.0 "" "" 1 9.8 9.5 0.99 1.7 6.0 "" "" 0.001
2832 288.0 971.0 35.0 1320.0 1.0 "" "" 1 46.6 9.5 0.99 1.7 2.0 "" "" 0.688
2833 288.0 186.3 35.0 1320.0 1.0 "" "" 1 12.4 9.5 0.99 1.7 3.0 "" "" 0.089
2834 288.0 319.2 35.0 1320.0 1.0 "" "" 1 24.3 9.5 0.99 1.7 4.0 "" "" 0.157
2835 288.0 1030.1 35.0 1320.0 1.0 "" "" 1 13.0 9.5 0.99 1.7 2.0 "" "" 1.171
2836 288.0 185.9 35.0 1320.0 1.0 "" "" 1 47.4 9.5 0.99 1.7 6.0 "" "" 0.022
2837 288.0 617.3 35.0 1320.0 1.0 "" "" 1 15.6 9.5 0.99 1.7 4.0 "" "" 0.357
2838 288.0 433.3 35.0 1320.0 1.0 "" "" 1 19.3 9.5 0.99 1.7 2.0 "" "" 0.241
2839 288.0 571.4 35.0 1320.0 1.0 "" "" 1 10.6 9.5 0.99 1.7 4.0 "" "" 0.216
2840 288.0 301.7 35.0 1320.0 1.0 "" "" 1 42.4 9.5 0.99 1.7 3.0 "" "" 0.216
2841 288.0 566.2 35.0 1320.0 1.0 "" "" 1 18.9 9.5 0.99 1.7 3.0 "" "" 0.631
2842 288.0 303.3 35.0 1320.0 1.0 "" "" 1 42.0 9.5 0.99 1.7 3.0 "" "" 0.041
2843 288.0 441.1 35.0 1320.0 1.0 "" "" 1 23.3 9.5 0.99 1.7 2.0 "" "" 0.28
2844 288.0 629.1 35.0 1320.0 1.0 "" "" 1 11.8 9.5 0.99 1.7 2.0 "" "" 0.265
2845 288.0 301.9 35.0 1320.0 1.0 "" "" 1 12.7 9.5 0.99 1.7 3.0 "" "" 0.335
2846 288.0 845.3 35.0 1320.0 1.0 "" "" 1 27.6 9.5 0.99 1.7 3.0 "" "" 0.292
2847 288.0 133.4 35.0 1320.0 1.0 "" "" 1 31.9 9.5 0.99 1.7 3.0 "" "" 0.044
2848 288.0 304.0 35.0 1320.0 1.0 "" "" 1 51.7 9.5 0.99 1.7 1.0 "" "" 0.209
2849 288.0 267.0 35.0 1320.0 1.0 "" "" 1 37.0 9.5 0.99 1.7 3.0 "" "" 0.052
2850 288.0 729.1 35.0 1320.0 1.0 "" "" 1 16.8 9.5 0.99 1.7 3.0 "" "" 0.884
2851 288.0 367.9 35.0 1320.0 1.0 "" "" 1 9.8 9.5 0.99 1.7 1.0 "" "" 0.14
2852 288.0 417.0 35.0 1320.0 1.0 "" "" 1 11.2 9.5 0.99 1.7 4.0 "" "" 0.277
2853 288.0 976.3 35.0 1320.0 1.0 "" "" 1 18.2 9.5 0.99 1.7 2.0 "" "" 0.861
2854 288.0 152.3 35.0 1320.0 1.0 "" "" 1 9.9 9.5 0.99 1.7 2.0 "" "" 0.064
2855 288.0 326.4 35.0 1320.0 1.0 "" "" 1 20.4 9.5 0.99 1.7 2.0 "" "" 0.176
2856 288.0 138.4 35.0 1320.0 1.0 "" "" 1 14.0 9.5 0.99 1.7 4.0 "" "" 0.053
2857 288.0 547.0 35.0 1320.0 1.0 "" "" 1 102.3 9.5 0.99 1.7 4.0 "" "" 0.185
2858 288.0 596.7 35.0 1320.0 1.0 "" "" 1 9.9 9.5 0.99 1.7 3.0 "" "" 0.803
2859 288.0 922.5 35.0 1320.0 1.0 "" "" 1 19.6 9.5 0.99 1.7 4.0 "" "" 0.661
2860 288.0 565.5 35.0 1320.0 1.0 "" "" 1 11.2 9.5 0.99 1.7 1.0 "" "" 0.613
2861 288.0 750.5 35.0 1320.0 1.0 "" "" 1 31.9 9.5 0.99 1.7 2.0 "" "" 0.947
2862 288.0 637.4 35.0 1320.0 1.0 "" "" 1 91.6 9.5 0.99 1.7 1.0 "" "" 0.573
2863 288.0 395.0 35.0 1320.0 1.0 "" "" 1 97.7 9.5 0.99 1.7 0.0 "" "" 0.505
2864 288.0 1044.9 35.0 1320.0 1.0 "" "" 1 22.3 9.5 0.99 1.7 3.0 "" "" 0.039
2865 288.0 1026.2 35.0 1320.0 1.0 "" "" 1 10.1 9.5 0.99 1.7 1.0 "" "" 0.847
2866 288.0 846.2 35.0 1320.0 1.0 "" "" 1 9.9 9.5 0.99 1.7 3.0 "" "" 0.389
2867 288.0 278.1 35.0 1320.0 1.0 "" "" 1 11.0 9.5 0.99 1.7 0.0 "" "" 0.255
2868 288.0 262.4 35.0 1320.0 1.0 "" "" 1 31.6 9.5 0.99 1.7 3.0 "" "" 0.205
2869 288.0 864.0 35.0 1320.0 1.0 "" "" 1 9.9 9.5 0.99 1.7 2.0 "" "" 0.998
2870 288.0 188.7 35.0 1320.0 1.0 "" "" 1 32.0 9.5 0.99 1.7 3.0 "" "" 0.05
2871 288.0 881.4 35.0 1320.0 1.0 "" "" 1 10.1 9.5 0.99 1.7 1.0 "" "" 1.063
2872 288.0 221.0 35.0 1320.0 1.0 "" "" 1 39.5 9.5 0.99 1.7 2.0 "" "" 0.116
2873 288.0 251.5 35.0 1320.0 1.0 "" "" 1 27.5 9.5 0.99 1.7 2.0 "" "" 0.059
2874 288.0 977.5 35.0 1320.0 1.0 "" "" 1 11.0 9.5 0.99 1.7 4.0 "" "" 0.376
2875 288.0 1002.8 35.0 1320.0 1.0 "" "" 1 9.8 9.5 0.99 1.7 1.0 "" "" 0.887
2876 288.0 739.2 35.0 1320.0 1.0 "" "" 1 19.0 9.5 0.99 1.7 2.0 "" "" 0.754
2877 288.0 1623.8 35.0 1320.0 1.0 "" "" 1 11.8 9.5 0.99 1.7 0.0 "" "" 1.485
2878 288.0 658.5 35.0 1320.0 1.0 "" "" 1 21.1 9.5 0.99 1.7 3.0 "" "" 0.725
2879 288.0 305.4 35.0 1320.0 1.0 "" "" 1 1828.1 9.5 0.99 1.7 3.0 "" "" 0.091
2880 288.0 546.4 35.0 1320.0 1.0 "" "" 1 44.9 9.5 0.99 1.7 3.0 "" "" 0.139
2881 288.0 362.7 35.0 1320.0 1.0 "" "" 1 29.1 9.5 0.99 1.7 3.0 "" "" 0.055
2882 288.0 677.8 35.0 1320.0 1.0 "" "" 1 128.3 9.5 0.99 1.7 0.0 "" "" 0.498
2883 288.0 242.3 35.0 1320.0 1.0 "" "" 1 12.9 9.5 0.99 1.7 3.0 "" "" 0.213
2884 288.0 587.2 35.0 1320.0 1.0 "" "" 1 15.5 9.5 0.99 1.7 4.0 "" "" 0.721
2885 288.0 1384.8 35.0 1320.0 1.0 "" "" 1 11.3 9.5 0.99 1.7 3.0 "" "" 0.884
2886 288.0 601.1 35.0 1320.0 1.0 "" "" 1 12.9 9.5 0.99 1.7 4.0 "" "" 0.694
2887 288.0 293.4 35.0 1320.0 1.0 "" "" 1 13.9 9.5 0.99 1.7 2.0 "" "" 0.157
2888 288.0 306.4 35.0 1320.0 1.0 "" "" 1 10.4 9.5 0.99 1.7 0.0 "" "" 0.217
2889 288.0 350.8 35.0 1320.0 1.0 "" "" 1 44.1 9.5 0.99 1.7 3.0 "" "" 0.026
2890 288.0 507.4 35.0 1320.0 1.0 "" "" 1 15.7 9.5 0.99 1.7 2.0 "" "" 0.459
2891 288.0 154.0 35.0 1320.0 1.0 "" "" 1 485.3 9.5 0.99 1.7 2.0 "" "" 0.063
2892 288.0 237.5 35.0 1320.0 1.0 "" "" 1 20.2 9.5 0.99 1.7 2.0 "" "" 0.075
2893 288.0 583.7 35.0 1320.0 1.0 "" "" 1 24.2 9.5 0.99 1.7 3.0 "" "" 0.43
2894 288.0 784.3 35.0 1320.0 1.0 "" "" 1 18.3 9.5 0.99 1.7 0.0 "" "" 0.664
2895 288.0 762.4 35.0 1320.0 1.0 "" "" 1 28.4 9.5 0.99 1.7 2.0 "" "" 1.025
2896 288.0 714.2 35.0 1320.0 1.0 "" "" 1 9.5 9.5 0.99 1.7 3.0 "" "" 0.698
2897 288.0 373.5 35.0 1320.0 1.0 "" "" 1 46.7 9.5 0.99 1.7 3.0 "" "" 0.15
2898 288.0 1121.2 35.0 1320.0 1.0 "" "" 1 13.8 9.5 0.99 1.7 1.0 "" "" 1.192
2899 288.0 290.2 35.0 1320.0 1.0 "" "" 1 20.3 9.5 0.99 1.7 3.0 "" "" 0.055
2900 288.0 790.3 35.0 1320.0 1.0 "" "" 1 12.7 9.5 0.99 1.7 2.0 "" "" 0.505
2901 288.0 549.0 35.0 1320.0 1.0 "" "" 1 36.4 9.5 0.99 1.7 4.0 "" "" 0.36
2902 288.0 486.5 35.0 1320.0 1.0 "" "" 1 22.1 9.5 0.99 1.7 3.0 "" "" 0.546
2903 288.0 254.3 35.0 1320.0 1.0 "" "" 1 11.2 9.5 0.99 1.7 1.0 "" "" 0.281
2904 288.0 809.6 35.0 1320.0 1.0 "" "" 1 16.9 9.5 0.99 1.7 2.0 "" "" 0.662
2905 288.0 172.6 35.0 1320.0 1.0 "" "" 1 14.1 9.5 0.99 1.7 2.0 "" "" 0.037
2906 288.0 700.1 35.0 1320.0 1.0 "" "" 1 14.5 9.5 0.99 1.7 4.0 "" "" 0.779
2907 288.0 584.0 35.0 1320.0 1.0 "" "" 1 12.3 9.5 0.99 1.7 1.0 "" "" 0.492
2908 288.0 1507.6 35.0 1320.0 1.0 "" "" 1 10.5 9.5 0.99 1.7 3.0 "" "" 0.75
2909 288.0 1049.8 35.0 1320.0 1.0 "" "" 1 10.8 9.5 0.99 1.7 2.0 "" "" 1.082
2910 288.0 746.1 35.0 1320.0 1.0 "" "" 1 13.0 9.5 0.99 1.7 2.0 "" "" 0.05
2911 288.0 375.7 35.0 1320.0 1.0 "" "" 1 17.3 9.5 0.99 1.7 3.0 "" "" 0.336
2912 288.0 605.2 35.0 1320.0 1.0 "" "" 1 14.3 9.5 0.99 1.7 2.0 "" "" 0.492
2913 288.0 567.9 35.0 1320.0 1.0 "" "" 1 32.4 9.5 0.99 1.7 1.0 "" "" 0.674
2914 288.0 406.6 35.0 1320.0 1.0 "" "" 1 30.8 9.5 0.99 1.7 1.0 "" "" 0.288
2915 288.0 239.1 35.0 1320.0 1.0 "" "" 1 40.0 9.5 0.99 1.7 4.0 "" "" 0.11
2916 288.0 260.1 35.0 1320.0 1.0 "" "" 1 167.6 9.5 0.99 1.7 1.0 "" "" 0.28
2917 288.0 572.9 35.0 1320.0 1.0 "" "" 1 22.9 9.5 0.99 1.7 1.0 "" "" 0.377
2918 288.0 1287.9 35.0 1320.0 1.0 "" "" 1 12.2 9.5 0.99 1.7 4.0 "" "" 0.831
2919 288.0 1358.4 35.0 1320.0 1.0 "" "" 1 11.7 9.5 0.99 1.7 1.0 "" "" 0.911
2920 288.0 746.0 35.0 1320.0 1.0 "" "" 1 50.1 9.5 0.99 1.7 1.0 "" "" 0.543
2921 288.0 589.3 35.0 1320.0 1.0 "" "" 1 10.7 9.5 0.99 1.7 2.0 "" "" 0.423
2922 288.0 365.7 35.0 1320.0 1.0 "" "" 1 12.0 9.5 0.99 1.7 3.0 "" "" 0.302
2923 288.0 425.5 35.0 1320.0 1.0 "" "" 1 71.6 9.5 0.99 1.7 3.0 "" "" 0.101
2924 288.0 531.9 35.0 1320.0 1.0 "" "" 1 91.9 9.5 0.99 1.7 1.0 "" "" 0.398
2925 288.0 227.4 35.0 1320.0 1.0 "" "" 1 12.4 9.5 0.99 1.7 1.0 "" "" 0.148
2926 288.0 754.2 35.0 1320.0 1.0 "" "" 1 15.3 9.5 0.99 1.7 3.0 "" "" 0.819
2927 288.0 593.4 35.0 1320.0 1.0 "" "" 1 16.1 9.5 0.99 1.7 2.0 "" "" 0.187
2928 288.0 895.2 35.0 1320.0 1.0 "" "" 1 79.9 9.5 0.99 1.7 3.0 "" "" 0.354
2929 288.0 910.4 35.0 1320.0 1.0 "" "" 1 10.1 9.5 0.99 1.7 3.0 "" "" 0.683
2930 288.0 527.9 35.0 1320.0 1.0 "" "" 1 16.8 9.5 0.99 1.7 2.0 "" "" 0.264
2931 288.0 662.0 35.0 1320.0 1.0 "" "" 1 15.3 9.5 0.99 1.7 3.0 "" "" 0.605
2932 288.0 1161.8 35.0 1320.0 1.0 "" "" 1 10.0 9.5 0.99 1.7 2.0 "" "" 1.4
2933 288.0 226.6 35.0 1320.0 1.0 "" "" 1 73.7 9.5 0.99 1.7 2.0 "" "" 0.13
2934 288.0 1077.6 35.0 1320.0 1.0 "" "" 1 30.0 9.5 0.99 1.7 1.0 "" "" 1.023
2935 288.0 131.5 35.0 1320.0 1.0 "" "" 1 39.8 9.5 0.99 1.7 4.0 "" "" 0.056
2936 288.0 1195.8 35.0 1320.0 1.0 "" "" 1 20.9 9.5 0.99 1.7 3.0 "" "" 0.503
2937 288.0 1155.1 35.0 1320.0 1.0 "" "" 1 10.2 9.5 0.99 1.7 1.0 "" "" 0.969
2938 288.0 215.3 35.0 1320.0 1.0 "" "" 1 13.5 9.5 0.99 1.7 3.0 "" "" 0.221
2939 288.0 714.5 35.0 1320.0 1.0 "" "" 1 23.9 9.5 0.99 1.7 3.0 "" "" 0.465
2940 288.0 642.2 35.0 1320.0 1.0 "" "" 1 17.0 9.5 0.99 1.7 2.0 "" "" 0.362
2941 288.0 389.7 35.0 1320.0 1.0 "" "" 1 10.5 9.5 0.99 1.7 2.0 "" "" 0.448
2942 288.0 807.9 35.0 1320.0 1.0 "" "" 1 14.5 9.5 0.99 1.7 2.0 "" "" 0.642
2943 288.0 572.9 35.0 1320.0 1.0 "" "" 1 12.5 9.5 0.99 1.7 4.0 "" "" 0.645
2944 288.0 671.4 35.0 1320.0 1.0 "" "" 1 13.3 9.5 0.99 1.7 2.0 "" "" 0.464
2945 288.0 402.6 35.0 1320.0 1.0 "" "" 1 13.6 9.5 0.99 1.7 3.0 "" "" 0.526
2946 288.0 635.3 35.0 1320.0 1.0 "" "" 1 84.4 9.5 0.99 1.7 3.0 "" "" 0.431
2947 288.0 272.2 35.0 1320.0 1.0 "" "" 1 38.7 9.5 0.99 1.7 3.0 "" "" 0.015
2948 288.0 653.3 35.0 1320.0 1.0 "" "" 1 14.3 9.5 0.99 1.7 4.0 "" "" 0.794
2949 288.0 460.0 35.0 1320.0 1.0 "" "" 1 14.3 9.5 0.99 1.7 1.0 "" "" 0.511
2950 288.0 213.6 35.0 1320.0 1.0 "" "" 1 30.0 9.5 0.99 1.7 1.0 "" "" 0.026
2951 288.0 137.3 35.0 1320.0 1.0 "" "" 1 10.2 9.5 0.99 1.7 2.0 "" "" 0.065
2952 288.0 194.6 35.0 1320.0 1.0 "" "" 1 23.8 9.5 0.99 1.7 5.0 "" "" 0.11
2953 288.0 644.9 35.0 1320.0 1.0 "" "" 1 12.9 9.5 0.99 1.7 1.0 "" "" 0.19
2954 288.0 642.2 35.0 1320.0 1.0 "" "" 1 9.8 9.5 0.99 1.7 1.0 "" "" 0.238
2955 288.0 517.6 35.0 1320.0 1.0 "" "" 1 15.9 9.5 0.99 1.7 4.0 "" "" 0.599
2956 288.0 377.0 35.0 1320.0 1.0 "" "" 1 28.2 9.5 0.99 1.7 2.0 "" "" 0.315
2957 288.0 373.3 35.0 1320.0 1.0 "" "" 1 11.1 9.5 0.99 1.7 3.0 "" "" 0.331
2958 288.0 205.5 35.0 1320.0 1.0 "" "" 1 13.1 9.5 0.99 1.7 2.0 "" "" 0.136
2959 288.0 331.7 35.0 1320.0 1.0 "" "" 1 11.5 9.5 0.99 1.7 4.0 "" "" 0.089
2960 288.0 731.8 35.0 1320.0 1.0 "" "" 1 21.3 9.5 0.99 1.7 3.0 "" "" 0.748
2961 288.0 208.8 35.0 1320.0 1.0 "" "" 1 15.7 9.5 0.99 1.7 4.0 "" "" 0.003
2962 288.0 892.2 35.0 1320.0 1.0 "" "" 1 15.9 9.5 0.99 1.7 3.0 "" "" 0.842
2963 288.0 245.9 35.0 1320.0 1.0 "" "" 1 385.4 9.5 0.99 1.7 1.0 "" "" 0.189
2964 288.0 448.3 35.0 1320.0 1.0 "" "" 1 23.5 9.5 0.99 1.7 1.0 "" "" 0.3
2965 288.0 246.8 35.0 1320.0 1.0 "" "" 1 36.1 9.5 0.99 1.7 4.0 "" "" 0.19
2966 288.0 232.7 35.0 1320.0 1.0 "" "" 1 38.8 9.5 0.99 1.7 1.0 "" "" 0.033
2967 288.0 319.7 35.0 1320.0 1.0 "" "" 1 20.7 9.5 0.99 1.7 1.0 "" "" 0.391
2968 288.0 406.9 35.0 1320.0 1.0 "" "" 1 99.8 9.5 0.99 1.7 2.0 "" "" 0.027
2969 288.0 1304.6 35.0 1320.0 1.0 "" "" 1 29.1 9.5 0.99 1.7 3.0 "" "" 0.699
2970 288.0 402.8 35.0 1320.0 1.0 "" "" 1 11.4 9.5 0.99 1.7 2.0 "" "" 0.503
2971 288.0 923.6 35.0 1320.0 1.0 "" "" 1 10.0 9.5 0.99 1.7 4.0 "" "" 1.063
2972 288.0 1189.2 35.0 1320.0 1.0 "" "" 1 10.3 9.5 0.99 1.7 2.0 "" "" 0.93
2973 288.0 287.0 35.0 1320.0 1.0 "" "" 1 11.4 9.5 0.99 1.7 0.0 "" "" 0.318
2974 288.0 620.0 35.0 1320.0 1.0 "" "" 1 13.5 9.5 0.99 1.7 3.0 "" "" 0.438
2975 288.0 378.9 35.0 1320.0 1.0 "" "" 1 14.1 9.5 0.99 1.7 2.0 "" "" 0.101
2976 288.0 530.7 35.0 1320.0 1.0 "" "" 1 11.7 9.5 0.99 1.7 3.0 "" "" 0.399
2977 288.0 635.6 35.0 1320.0 1.0 "" "" 1 14.4 9.5 0.99 1.7 5.0 "" "" 0.609
2978 288.0 326.9 35.0 1320.0 1.0 "" "" 1 65.0 9.5 0.99 1.7 3.0 "" "" 0.273
2979 288.0 378.1 35.0 1320.0 1.0 "" "" 1 28.0 9.5 0.99 1.7 0.0 "" "" 0.28
2980 288.0 543.4 35.0 1320.0 1.0 "" "" 1 30.4 9.5 0.99 1.7 2.0 "" "" 0.671
2981 288.0 352.3 35.0 1320.0 1.0 "" "" 1 33.1 9.5 0.99 1.7 3.0 "" "" 0.205
2982 288.0 571.9 35.0 1320.0 1.0 "" "" 1 13.4 9.5 0.99 1.7 3.0 "" "" 0.481
2983 288.0 602.7 35.0 1320.0 1.0 "" "" 1 11.4 9.5 0.99 1.7 3.0 "" "" 0.325
2984 288.0 749.4 35.0 1320.0 1.0 "" "" 1 12.1 9.5 0.99 1.7 3.0 "" "" 0.824
2985 288.0 271.5 35.0 1320.0 1.0 "" "" 1 11.8 9.5 0.99 1.7 2.0 "" "" 0.305
2986 288.0 652.5 35.0 1320.0 1.0 "" "" 1 12.9 9.5 0.99 1.7 3.0 "" "" 0.617
2987 288.0 360.8 35.0 1320.0 1.0 "" "" 1 68.3 9.5 0.99 1.7 3.0 "" "" 0.203
2988 288.0 509.4 35.0 1320.0 1.0 "" "" 1 9.8 9.5 0.99 1.7 3.0 "" "" 0.108
2989 288.0 491.1 35.0 1320.0 1.0 "" "" 1 20.6 9.5 0.99 1.7 2.0 "" "" 0.567
2990 288.0 221.8 35.0 1320.0 1.0 "" "" 1 17.4 9.5 0.99 1.7 1.0 "" "" 0.108
2991 288.0 382.0 35.0 1320.0 1.0 "" "" 1 11.3 9.5 0.99 1.7 4.0 "" "" 0.397
2992 288.0 624.2 35.0 1320.0 1.0 "" "" 1 13.3 9.5 0.99 1.7 3.0 "" "" 0.459
2993 288.0 250.8 35.0 1320.0 1.0 "" "" 1 12.7 9.5 0.99 1.7 1.0 "" "" 0.136
2994 288.0 561.8 35.0 1320.0 1.0 "" "" 1 20.5 9.5 0.99 1.7 2.0 "" "" 0.335
2995 288.0 180.6 35.0 1320.0 1.0 "" "" 1 16.3 9.5 0.99 1.7 2.0 "" "" 0.033
2996 288.0 693.6 35.0 1320.0 1.0 "" "" 1 58.1 9.5 0.99 1.7 1.0 "" "" 0.229
2997 288.0 107.2 35.0 1320.0 1.0 "" "" 1 33.1 9.5 0.99 1.7 3.0 "" "" 0.012
2998 288.0 777.1 35.0 1320.0 1.0 "" "" 1 11.3 9.5 0.99 1.7 1.0 "" "" 0.896
2999 288.0 517.4 35.0 1320.0 1.0 "" "" 1 11.9 9.5 0.99 1.7 3.0 "" "" 0.167
