zdm/data/Surveys/DSA.ecsv
# %ECSV 1.0
# ---
# datatype:
# - {name: TNS, datatype: string}
# - {name: BW, datatype: float64}
# - {name: DM, datatype: float64}
# - {name: DMG, unit: pc / cm3, datatype: float64}
# - {name: FBAR, datatype: float64}
# - {name: FRES, datatype: float64}
# - {name: Gb, unit: deg, datatype: float64}
# - {name: Gl, unit: deg, datatype: float64}
# - {name: NREP, datatype: int64}
# - {name: SNR, datatype: float64}
# - {name: SNRTHRESH, datatype: float64}
# - {name: THRESH, datatype: float64}
# - {name: TRES, datatype: float64}
# - {name: WIDTH, datatype: float64}
# - {name: XDec, datatype: float64}
# - {name: XRA, datatype: float64}
# - {name: Z, datatype: float64}
# meta: !!omap
# - {survey_data: '{"observing": {"MAX_LOC_DMEG": 0, "FBAR": 1405.0, "MAX_DM": 1500}, "telescope": {"BMETHOD": 0, "BTHRESH": 0.001, "DIAM": 4.65, "NBEAMS": 1,
#     "NBINS": 10}}'}
# schema: astropy-2.0
TNS BW DM DMG FBAR FRES Gb Gl NREP SNR SNRTHRESH THRESH TRES WIDTH XDec XRA Z
20220121B 187.5 313.421 79.9897066205502 1405.0 0.244141 17.56564323577294 147.12748848204882 1 9.38042 8.5 1.96 0.262144 2.097152 65.72272589512798 84.73011927667115 ""
20220204A 187.5 612.584 52.577155771627275 1405.0 0.244141 27.056456606196374 102.25837515798656 1 16.2165 8.5 1.96 0.262144 1.048576 71.61566346086691 278.3320643862473 ""
20220207C 187.5 263.0 74.98932469855745 1405.0 0.244141 18.38959215248935 106.93849733983392 1 59.9635 8.5 1.96 0.262144 0.524288 72.88232722 310.199525 0.043040
20220208A 187.5 440.73 88.37048717944486 1405.0 0.244141 15.36334800436877 107.62402490535577 1 13.7659 8.5 1.96 0.262144 4.194304 71.54000315288538 319.348345694973 ""
20220307B 187.5 499.328 120.01830542331784 1405.0 0.244141 10.471796758012811 116.2459452742109 1 11.9059 8.5 1.96 0.262144 0.524288 72.19238611 350.87449583 0.248123
20220310F 187.5 462.657 45.45966795336708 1405.0 0.244141 34.79801366439564 140.02437119854702 1 68.41 8.5 1.96 0.262144 1.048576 73.49083333 134.7205 0.477958
20220319D 187.5 110.95 126.76695714626234 1405.0 0.244141 9.10706121454355 129.18298840272473 1 79.0 8.5 1.96 0.262144 0.16 71.035 32.17791667 0.011228
20220330D 187.5 467.788 38.42074499275123 1405.0 0.244141 42.92559639011885 134.17760272046203 1 12.935 8.5 1.96 0.262144 8.388608 71.7535054190687 165.725596815033 ""
20220418A 187.5 624.124 36.34696694761094 1405.0 0.244141 44.46716852171675 110.75309145783038 1 10.8782 8.5 1.96 0.262144 1.048576 70.09594444 219.105575 0.622000
20220424E 187.5 863.932 132.8043709459316 1405.0 0.244141 8.651364501984073 123.56373438109364 1 9.4097 8.5 1.96 0.262144 0.524288 71.51344341074208 14.82972702795105 ""
20220506D 187.5 396.651 82.84784312473113 1405.0 0.244141 16.51344426069766 108.35440989938549 1 48.9187 8.5 1.96 0.262144 0.524288 72.82727778 318.04483333 0.30039
20220509G 187.5 270.26 55.27578899313899 1405.0 0.244141 25.476400535971187 100.94319404559985 1 21.5075 8.5 1.96 0.262144 0.524288 70.24383333 282.67 0.089400
20220726A 187.5 686.232 79.71712720612186 1405.0 0.244141 17.570008114173774 139.96820127348673 1 12.7249 8.5 1.96 0.262144 1.048576 71.60181774538893 75.1057872464662 ""
20220801A 187.5 413.416 101.62657748195053 1405.0 0.244141 12.707110908388746 135.20359662687756 1 9.25457 8.5 1.96 0.262144 1.048576 71.55972073011407 53.81615450520464 ""
20220825A 187.5 649.893 77.31467889272176 1405.0 0.244141 17.78524738613183 106.99499330357716 1 15.0645 8.5 1.96 0.262144 1.048576 72.58496944 311.98145 0.241397
20220831A 187.5 1146.14 105.9479424889587 1405.0 0.244141 12.468171424517596 110.95630976141514 1 19.1941 8.5 1.96 0.262144 2.097152 71.53755406399151 333.0853867394688 ""
20220914A 187.5 630.703 54.385277258695034 1405.0 0.244141 26.13010553773556 104.30803693880434 1 9.64463 8.5 1.96 0.262144 0.524288 73.33691389 282.05679167 0.113900
20220920A 187.5 314.9769778399538 39.64272017139451 1405.0 0.244141 38.89332117728301 104.92312676414824 1 14.3507 8.5 1.96 0.262144 0.524288 70.91880028 240.25708333 0.158239
20220926A 187.5 441.9841708692066 104.28258322671259 1405.0 0.244141 12.723812809083771 110.60122614417979 1 10.2599 8.5 1.96 0.262144 0.524288 71.53859664024996 331.7255172115475 ""
20221002A 187.5 319.9514493839755 51.47431352214653 1405.0 0.244141 27.739235946288364 102.22900983547125 1 8.50112 8.5 1.96 0.262144 4.194304 71.63666932811358 276.1653233655198 ""
20221012A 187.5 440.3577052365792 54.06005791029036 1405.0 0.244141 26.139857546918464 101.14511610502582 1 9.41028 8.5 1.96 0.262144 2.097152 70.52420833 280.79870833 0.284669
20221027A 187.5 452.7230008361469 47.13225230142649 1405.0 0.244141 33.957381768405824 142.65509609003283 1 12.128 8.5 1.96 0.262144 0.524288 71.73147814712208 129.6103995632886 ""
20221029A 187.5 1391.745775649035 43.12671783551906 1405.0 0.244141 38.00923103500678 140.39143818018348 1 12.0592 8.5 1.96 0.262144 1.048576 71.75292690455 143.8350921125387 ""
20221101B 187.5 491.554 116.47274643361217 1405.0 0.244141 11.059425470817128 113.24930680771423 1 10.1206 8.5 1.96 0.262144 2.097152 71.52952721126942 341.4589048232891 ""
20221101A 187.5 1475.53 79.68852237572455 1405.0 0.244141 17.71488712510122 140.04908371397164 1 14.9657 8.5 1.96 0.262144 2.097152 71.61911002899086 75.6230806577376 ""
