zdm/data/Surveys/DSA.ecsv
# %ECSV 1.0
# ---
# datatype:
# - {name: TNS, datatype: string}
# - {name: BW, datatype: float64}
# - {name: DM, datatype: float64}
# - {name: DMG, unit: pc / cm3, datatype: float64}
# - {name: FBAR, datatype: float64}
# - {name: FRES, datatype: float64}
# - {name: Gb, unit: deg, datatype: float64}
# - {name: Gl, unit: deg, datatype: float64}
# - {name: NREP, datatype: int64}
# - {name: SNR, datatype: float64}
# - {name: SNRTHRESH, datatype: float64}
# - {name: THRESH, datatype: float64}
# - {name: TRES, datatype: float64}
# - {name: WIDTH, datatype: float64}
# - {name: XDec, datatype: float64}
# - {name: XRA, datatype: float64}
# - {name: Z, datatype: float64}
# meta: !!omap
# - {survey_data: '{"observing": {"MAX_LOC_DMEG": -1, "FBAR": 1405.0, "MAX_DM": 1500}, "telescope": {"BMETHOD": 0, "BTHRESH": 0.001, "DIAM": 4.65, "NBEAMS": 1,
#     "NBINS": 10}}'}
# schema: astropy-2.0
TNS BW DM DMG FBAR FRES Gb Gl NREP SNR SNRTHRESH THRESH TRES WIDTH XDec XRA Z
20240229A 187.5 491.554 37.37271394885186 1405.0 0.244141 44.55831358432649 133.33265375649617 1 93.8694 8.5 1.9 0.262144 0.524288 70.67622222 169.98354167 0.2870
20240215A 187.5 549.461 48.006665391517245 1405.0 0.244141 30.171936304560663 102.28545663205188 1 17.139 8.5 1.9 0.262144 2.097152 71.65396624276653 268.4332917154054 0.2100
20240123A 187.5 1462.39 88.49007029228228 1405.0 0.244141 15.345864184043986 138.14431967759646 1 11.1692 8.5 1.9 0.262144 4.194304 71.59649282479047 66.13400215038295 0.9680
20240213A 187.5 358.141 39.45692546011328 1405.0 0.244141 41.57470882671697 136.48625644956465 1 15.047 8.5 1.9 0.262144 2.097152 71.77535843557519 158.7612641083086 0.1185
20240119A 187.5 483.626 37.11710766247874 1405.0 0.244141 43.23997693122643 112.3657267918633 1 8.90289 8.5 1.9 0.262144 2.097152 71.75543003640004 218.116947210399 0.3700
20221113A 187.5 411.027 81.83214192782576 1405.0 0.244141 16.993290681987038 139.52600719215658 1 9.92514 8.5 1.9 0.262144 0.262144 71.61310442338737 72.84063916629988 0.2505
20221116A 187.5 643.448 131.86978117702847 1405.0 0.244141 8.714456225756875 124.46954329430945 1 18.5852 8.5 1.9 0.262144 4.194304 71.52883334242546 17.66166877399295 0.2764
20221203A 187.5 602.715 82.53224796500237 1405.0 0.244141 16.604355671421644 106.57537879829 1 223.712 8.5 1.9 0.262144 0.524288 71.56102219775967 314.2951436532319 ""
20221219A 187.5 706.708 43.614907461054464 1405.0 0.244141 34.07132053613648 103.18746062750881 1 8.86661 8.5 1.9 0.262144 4.194304 71.6816717271127 255.7772699004286 0.5530
20230124A 187.5 590.574 38.783324170550884 1405.0 0.244141 40.246037105795274 107.55089506946706 1 10.7955 8.5 1.9 0.262144 4.194304 71.72730268905828 233.0768181744522 0.0939
20230216A 187.5 828.289 38.745776131091105 1405.0 0.244141 46.32514660764279 242.59742461564005 1 11.7547 8.5 1.9 0.262144 2.097152 1.46778163758369 155.9717146534551 0.5310
20230307A 187.5 608.854 36.798391892628636 1405.0 0.244141 45.00305039272258 127.35288370592085 1 89.536 8.5 1.9 0.262144 1.048576 71.77893388916411 182.821054061952 0.2706
20230501A 187.5 532.471 112.56678523131207 1405.0 0.244141 11.512247685549005 112.43218327212567 1 20.2621 8.5 1.9 0.262144 0.524288 71.5291580262328 338.5534512301292 0.3015
20230521B 187.5 1342.88 124.34347814631663 1405.0 0.244141 9.972460641376502 115.65451396759022 1 9.29977 8.5 1.9 0.262144 1.048576 71.52196474027271 349.6785010846152 1.3540
20230626A 187.5 452.723 40.07361027954603 1405.0 0.244141 38.340835686008795 105.67882857658032 1 10.796 8.5 1.9 0.262144 0.524288 71.71415740657942 240.7125164702099 0.3270
20230628A 187.5 344.952 38.9799874737147 1405.0 0.244141 42.20636963302926 135.47709213119535 1 20.4978 8.5 1.9 0.262144 1.048576 71.77446050709055 161.8998883631081 0.1270
20230712A 187.5 587.567 37.82541467386166 1405.0 0.244141 43.698653652229616 132.31575821995213 1 11.5228 8.5 1.9 0.262144 0.524288 71.77937610198997 170.7111985914698 0.4525
20230814B 187.5 696.411 107.33383099694672 1405.0 0.244141 12.25918317274897 111.24947696965394 1 45.0684 8.5 1.9 0.262144 2.097152 71.53167820047013 334.2045483815354 0.5535
20231120A 187.5 437.737 42.514807642353404 1405.0 0.244141 37.94856710818966 140.4316787619403 1 15.4776 8.5 1.9 0.262144 4.194304 71.75741954698154 143.6169088489233 0.0700
20231123B 187.5 396.857 40.03182975451732 1405.0 0.244141 38.3785820332292 105.71200951484165 1 12.1176 8.5 1.9 0.262144 2.097152 71.71557830230489 240.566466401532 0.2621
20231220A 187.5 491.554 49.29308558290006 1405.0 0.244141 31.698166066313682 143.28513780337576 1 28.8258 8.5 1.9 0.262144 0.524288 71.7217134545154 122.2054374106444 0.0368
20230814A 187.5 696.411 100.82493020621887 1405.0 0.244141 13.19716525918388 112.56346045938872 1 45.0684 8.5 1.9 0.262144 2.097152 73.02591667 335.97458333 ""
20220912A 187.5 228.26 117.73850502411287 1405.0 0.244141 -11.071471759037072 106.82400154199142 1 12.2189 8.5 1.9 0.262144 4.194304 48.72655442202422 348.4806465660237 0.0771
20221012A 187.5 440.3577052365792 54.7546156287142 1405.0 0.244141 26.139857546918464 101.14511610502582 1 9.41028 8.5 1.9 0.262144 2.097152 70.52420833 280.79870833 0.2847
20220920A 187.5 314.9769778399538 40.43865009237045 1405.0 0.244141 38.89332117728301 104.92312676414824 1 14.3507 8.5 1.9 0.262144 0.524288 70.91880028 240.25708333 0.1582
20220914A 187.5 630.703 55.05652207318822 1405.0 0.244141 26.13010553773556 104.30803693880434 1 9.64463 8.5 1.9 0.262144 0.524288 73.33691389 282.05679167 0.1139
20220825A 187.5 649.893 77.86493970984985 1405.0 0.244141 17.78524738613183 106.99499330357716 1 15.0645 8.5 1.9 0.262144 1.048576 72.58496944 311.98145 0.2414
20220506D 187.5 396.651 83.4499605509059 1405.0 0.244141 16.51344426069766 108.35440989938549 1 48.9187 8.5 1.9 0.262144 0.524288 72.82727778 318.04483333 0.300
20220509G 187.5 270.26 55.974316429933886 1405.0 0.244141 25.476400535971187 100.94319404559985 1 21.5075 8.5 1.9 0.262144 0.524288 70.24383333 282.67 0.0894
20220418A 187.5 624.124 37.2402168354181 1405.0 0.244141 44.46716852171675 110.75309145783038 1 10.8782 8.5 1.9 0.262144 1.048576 70.09594444 219.105575 0.6214
20220319D 187.5 110.95 127.23167624222592 1405.0 0.244141 9.107059599110611 129.1829831655679 1 79.0 8.5 1.9 0.262144 0.262144 71.035 32.1779 0.0112
20220310F 187.5 462.657 46.0941904278702 1405.0 0.244141 34.79801366439564 140.02437119854702 1 68.41 8.5 1.9 0.262144 1.048576 73.49083333 134.7205 0.4780
20220307B 187.5 499.328 120.53927913751717 1405.0 0.244141 10.471796758012811 116.2459452742109 1 11.9059 8.5 1.9 0.262144 0.524288 72.19238611 350.87449583 0.2481
20220207C 187.5 263.0 75.58478189941121 1405.0 0.244141 18.38959215248935 106.93849733983392 1 59.9635 8.5 1.9 0.262144 0.524288 72.88232722 310.199525 0.0433
20221101A 187.5 1475.53 79.68852237572455 1405.0 0.244141 17.71488712510122 140.04908371397164 1 14.9657 8.5 1.9 0.262144 2.097152 71.61911002899086 75.6230806577376 ""
20221101B 187.5 491.554 116.47274643361217 1405.0 0.244141 11.059425470817128 113.24930680771423 1 10.1206 8.5 1.9 0.262144 2.097152 71.52952721126942 341.4589048232891 0.2395
20221029A 187.5 1391.745775649035 43.12671783551906 1405.0 0.244141 38.00923103500678 140.39143818018348 1 12.0592 8.5 1.9 0.262144 1.048576 71.75292690455 143.8350921125387 0.9750
20221027A 187.5 452.7230008361469 47.13225230142649 1405.0 0.244141 33.957381768405824 142.65509609003283 1 12.128 8.5 1.9 0.262144 0.524288 71.73147814712208 129.6103995632886 0.5422
20221002A 187.5 319.9514493839755 52.17064933230139 1405.0 0.244141 27.739235946288364 102.22900983547125 1 8.50112 8.5 1.9 0.262144 4.194304 71.63666932811358 276.1653233655198 ""
20220926A 187.5 441.9841708692066 104.61861662285301 1405.0 0.244141 12.723812809083771 110.60122614417979 1 10.2599 8.5 1.9 0.262144 0.524288 71.53859664024996 331.7255172115475 ""
20220831A 187.5 1146.14 106.34201761532103 1405.0 0.244141 12.468171424517596 110.95630976141514 1 19.1941 8.5 1.9 0.262144 2.097152 71.53755406399151 333.0853867394688 0.2620
20220801A 187.5 413.416 102.09956249108086 1405.0 0.244141 12.707110908388746 135.20359662687756 1 9.25457 8.5 1.9 0.262144 1.048576 71.55972073011407 53.81615450520464 ""
20220726A 187.5 686.232 80.20631679217864 1405.0 0.244141 17.570008114173774 139.96820127348673 1 12.7249 8.5 1.9 0.262144 1.048576 71.60181774538893 75.1057872464662 0.3619
20220424E 187.5 863.932 133.14404218948707 1405.0 0.244141 8.651364501984073 123.56373438109364 1 9.4097 8.5 1.9 0.262144 0.524288 71.51344341074208 14.82972702795105 ""
20220330D 187.5 467.788 39.21028065514701 1405.0 0.244141 42.92559639011885 134.17760272046203 1 12.935 8.5 1.9 0.262144 8.388608 71.7535054190687 165.725596815033 0.3714
20220208A 187.5 440.73 88.92192980047805 1405.0 0.244141 15.36334800436877 107.62402490535577 1 13.7659 8.5 1.9 0.262144 4.194304 71.54000315288538 319.348345694973 0.3510
20220204A 187.5 612.584 53.275388277118815 1405.0 0.244141 27.056456606196374 102.25837515798656 1 16.2165 8.5 1.9 0.262144 1.048576 71.61566346086691 278.3320643862473 0.4012
20220121B 187.5 313.421 80.53073647905329 1405.0 0.244141 17.56564323577294 147.12748848204882 1 9.38042 8.5 1.9 0.262144 2.097152 65.72272589512798 84.73011927667115 ""
