zdm/data/Surveys/MC_CRAFT_ICS_1300.ecsv
# %ECSV 1.0
# ---
# datatype:
# - {name: TNS, datatype: string}
# - {name: BW, datatype: float64}
# - {name: DM, datatype: float64}
# - {name: DMG, datatype: float64}
# - {name: FBAR, datatype: float64}
# - {name: FRES, datatype: float64}
# - {name: Gb, datatype: float64}
# - {name: Gl, datatype: float64}
# - {name: SNR, datatype: float64}
# - {name: SNRTHRESH, datatype: float64}
# - {name: THRESH, datatype: float64}
# - {name: TRES, datatype: float64}
# - {name: WIDTH, datatype: float64}
# - {name: XDec, datatype: string}
# - {name: XRA, datatype: string}
# - {name: Z, datatype: float64}
# - {name: DMEG, datatype: float64}
# - {name: B, datatype: float64}
# meta: {survey_data: '{"observing": {"MAX_IDT": 4096}, "telescope": {"BEAM": "ASKAP_1300", "DIAM": 12.0, "NBEAMS": 36, "NBINS": 5}}'}
# schema: astropy-2.0
TNS BW DM DMG FBAR FRES Gb Gl SNR SNRTHRESH THRESH TRES WIDTH XDec XRA Z DMEG B
[from data line 5621]
5621 336.0 368.77768084194315 0.0 1271.5 1.0 -24.25544963321596 322.2186974327459 64.45084909441047 9.0 4.4 1.182 0.12779106823271988 "" "" 0.25098408482920426 318.77768084194315 0.7034355242093715
5622 336.0 464.1329949546166 0.0 1271.5 1.0 12.540472757836222 237.54384448178413 27.40503787783783 9.0 4.4 1.182 0.49163415808986816 "" "" 0.365175709631636 414.1329949546166 0.7034355242093715
5623 336.0 549.2169962115611 0.0 1271.5 1.0 71.9950058541472 24.222939664341787 13.73755875430085 9.0 4.4 1.182 0.12779106823271988 "" "" 0.7029513916169112 499.2169962115611 0.7034355242093715
5624 336.0 347.42714587357443 0.0 1271.5 1.0 -7.933230608448839 111.2440053826279 56.00540219869238 9.0 4.4 1.182 0.12779106823271988 "" "" 0.169280706582214 297.42714587357443 0.7034355242093715
5625 336.0 1793.8938849382862 0.0 1271.5 1.0 31.667763646436732 87.35156867545999 18.907966710765308 9.0 4.4 1.182 0.3336194118395014 "" "" 0.06442202064322661 1743.8938849382862 0.7034355242093715
5626 336.0 1001.0265639799103 0.0 1271.5 1.0 -7.644599403453786 197.03812420319144 12.742484752077672 9.0 4.4 1.182 0.49163415808986816 "" "" 0.86064102737144 951.0265639799103 0.7034355242093715
5627 336.0 437.3242975634571 0.0 1271.5 1.0 -2.265767283283835 266.18990679653257 10.75406024922182 9.0 4.4 1.182 0.49163415808986816 "" "" 0.23941612113899582 387.3242975634571 0.7034355242093715
5628 336.0 980.5298772038823 0.0 1271.5 1.0 0.3903464503227051 11.859027366204016 55.90515087155774 9.0 4.4 1.182 0.005540006828817463 "" "" 0.33806526906119927 930.5298772038823 0.7034355242093715
5629 336.0 1114.5659567888474 0.0 1271.5 1.0 49.062158134614606 282.9972485274587 16.615279998726514 9.0 4.4 1.182 0.49163415808986816 "" "" 1.3078838112718523 1064.5659567888474 0.7034355242093715
5630 336.0 746.0118984615792 0.0 1271.5 1.0 -51.620625496343635 144.96064432147824 15.306067695680968 9.0 4.4 1.182 0.3336194118395014 "" "" 0.26487592029668006 696.0118984615792 0.7034355242093715
5631 336.0 597.3510292408964 0.0 1271.5 1.0 26.42916959399552 122.000605601694 11.946841349440453 9.0 4.4 1.182 0.12779106823271988 "" "" 0.2073606065782403 547.3510292408964 0.7034355242093715
5632 336.0 453.9623716876055 0.0 1271.5 1.0 -1.1695671381337962 8.899369466803098 17.79962860328818 9.0 4.4 1.182 0.49163415808986816 "" "" 0.6569844244292633 403.9623716876055 0.7034355242093715
5633 336.0 859.6257339955944 0.0 1271.5 1.0 -54.15971129398626 170.47440686508932 13.27739014616511 9.0 4.4 1.182 0.12779106823271988 "" "" 0.3132449103070259 809.6257339955944 0.10352769518154452
5634 336.0 485.44787618805117 0.0 1271.5 1.0 -21.391652028751164 319.0997471122274 14.918460624155664 9.0 4.4 1.182 0.49163415808986816 "" "" 0.382926389673283 435.44787618805117 0.7034355242093715
5635 336.0 260.3503002152828 0.0 1271.5 1.0 -45.3448642864658 152.0087768045369 12.845592298972907 9.0 4.4 1.182 0.3336194118395014 "" "" 0.10893255751793432 210.35030021528277 0.10352769518154452
5636 336.0 245.175301171362 0.0 1271.5 1.0 39.46928430342679 66.27681661305259 13.450478211596405 9.0 4.4 1.182 0.12779106823271988 "" "" 0.2179755652006935 195.175301171362 0.7034355242093715
5637 336.0 361.83193468382984 0.0 1271.5 1.0 -49.76825473123204 79.15036657055114 11.233707982418782 9.0 4.4 1.182 0.3336194118395014 "" "" 0.22374218330026113 311.83193468382984 0.7034355242093715
5638 336.0 297.64993045988 0.0 1271.5 1.0 -2.2854461772264383 204.79643744928282 49.63094103934619 9.0 4.4 1.182 0.49163415808986816 "" "" 0.15200654589092058 247.64993045988 0.7034355242093715
5639 336.0 276.4616120507691 0.0 1271.5 1.0 23.320148495106164 267.60862514690535 17.705194717036953 9.0 4.4 1.182 0.3336194118395014 "" "" 0.19280790023553301 226.46161205076905 0.7034355242093715
5640 336.0 449.61095545637556 0.0 1271.5 1.0 44.09986531460863 168.32122607722846 56.058827211493316 9.0 4.4 1.182 0.49163415808986816 "" "" 0.45296624137609515 399.61095545637556 0.7034355242093715
5641 336.0 218.78529404249522 0.0 1271.5 1.0 24.06605607309744 47.803434514192205 9.499297453986447 9.0 4.4 1.182 0.49163415808986816 "" "" 0.2654901744544391 168.78529404249522 0.7034355242093715
5642 336.0 564.1399848556584 0.0 1271.5 1.0 -44.272218607866485 206.618568451107 9.845843133394878 9.0 4.4 1.182 0.49163415808986816 "" "" 0.7148165199371107 514.1399848556584 0.7034355242093715
5643 336.0 913.326829720946 0.0 1271.5 1.0 -24.308820173271762 83.10111742680844 13.395462933267371 9.0 4.4 1.182 0.49163415808986816 "" "" 1.401240360870643 863.326829720946 0.7034355242093715
5644 336.0 1129.2842803056642 0.0 1271.5 1.0 7.140496069294754 95.30630601440537 16.646118616242074 9.0 4.4 1.182 0.49163415808986816 "" "" 0.10006975016815378 1079.2842803056642 0.7034355242093715
5645 336.0 801.5597397581166 0.0 1271.5 1.0 54.9307219839898 33.62707375619499 9.804680329911932 9.0 4.4 1.182 0.49163415808986816 "" "" 0.3647729520120052 751.5597397581166 0.7034355242093715
5646 336.0 422.95964842325895 0.0 1271.5 1.0 32.35960788488788 299.5384760582393 9.731277130513114 9.0 4.4 1.182 0.3336194118395014 "" "" 0.23722895033713948 372.95964842325895 0.7034355242093715
5647 336.0 630.4377532892044 0.0 1271.5 1.0 -54.07180384301256 45.08206612020277 9.097097010993677 9.0 4.4 1.182 0.49163415808986816 "" "" 0.4524041339777455 580.4377532892044 0.7034355242093715
5648 336.0 213.19475990550882 0.0 1271.5 1.0 54.79990884193683 201.37258484811267 9.75614540784759 9.0 4.4 1.182 0.3336194118395014 "" "" 0.293802967644523 163.19475990550882 0.7034355242093715
5649 336.0 474.417857847901 0.0 1271.5 1.0 31.432831525610265 2.2001378194603882 10.092916981822961 9.0 4.4 1.182 0.0414153550090931 "" "" 0.23728776136060398 424.417857847901 0.7034355242093715
5650 336.0 321.6645859166479 0.0 1271.5 1.0 54.496947399736975 234.39114621513986 13.633326864953172 9.0 4.4 1.182 0.12779106823271988 "" "" 0.2836364854015922 271.6645859166479 0.7034355242093715
5651 336.0 480.93035420016366 0.0 1271.5 1.0 -0.7252441638008476 80.84778070870291 18.336094126935258 9.0 4.4 1.182 0.49163415808986816 "" "" 0.7551492957692825 430.93035420016366 0.7034355242093715
5652 336.0 626.6972717558523 0.0 1271.5 1.0 -11.050997880444244 194.90799923357565 10.462447665114743 9.0 4.4 1.182 0.12779106823271988 "" "" 0.43857352811282535 576.6972717558523 0.7034355242093715
5653 336.0 349.3279840444751 0.0 1271.5 1.0 -56.9861292278963 314.62841105787635 12.473137082024103 9.0 4.4 1.182 0.49163415808986816 "" "" 0.32989433597419204 299.3279840444751 0.7034355242093715
5654 336.0 717.3664148070391 0.0 1271.5 1.0 -9.294703703427983 129.54159590996827 43.15966737635448 9.0 4.4 1.182 0.49163415808986816 "" "" 0.40610521568415986 667.3664148070391 0.7034355242093715
5655 336.0 1297.5985625117648 0.0 1271.5 1.0 -59.738318245817794 119.23667000142395 11.914038003130377 9.0 4.4 1.182 0.49163415808986816 "" "" 0.7472958623137121 1247.5985625117648 0.7034355242093715
5656 336.0 1140.0145036693211 0.0 1271.5 1.0 3.3063608685701973 317.45594793438664 10.245127715285694 9.0 4.4 1.182 0.49163415808986816 "" "" 0.5873725505446158 1090.0145036693211 0.7034355242093715
5657 336.0 479.9377816649858 0.0 1271.5 1.0 22.77733191968081 312.10401543781734 12.192915740804793 9.0 4.4 1.182 0.005540006828817463 "" "" 0.11678327302759708 429.9377816649858 0.7034355242093715
5658 336.0 141.37016329864366 0.0 1271.5 1.0 -42.6391608614882 49.33485060934062 79.49599875020378 9.0 4.4 1.182 0.49163415808986816 "" "" 0.04257546896638901 91.37016329864366 0.7034355242093715
5659 336.0 1488.6666810289587 0.0 1271.5 1.0 -64.01245980432405 270.4913806279621 10.574942252426137 9.0 4.4 1.182 0.3336194118395014 "" "" 1.5140025496334446 1438.6666810289587 0.7034355242093715
5660 336.0 1456.912149555542 0.0 1271.5 1.0 -49.20623458832946 159.44761056398545 11.47338882445451 9.0 4.4 1.182 0.12779106823271988 "" "" 1.2976936045433134 1406.912149555542 0.7034355242093715
5661 336.0 101.9999747809262 0.0 1271.5 1.0 -32.409787834211954 194.52658972436294 129.87276215714814 9.0 4.4 1.182 0.49163415808986816 "" "" 0.058732572261231936 51.999974780926195 0.7034355242093715
5662 336.0 1260.317282275996 0.0 1271.5 1.0 -21.96023655863133 359.97881142395914 13.007358314395926 9.0 4.4 1.182 0.49163415808986816 "" "" 0.48808728464201223 1210.317282275996 0.7034355242093715
5663 336.0 691.8512568001371 0.0 1271.5 1.0 -59.34125218933714 240.11043791177414 12.2048127757086 9.0 4.4 1.182 0.49163415808986816 "" "" 0.3840900131813175 641.8512568001371 0.7034355242093715
5664 336.0 1257.4273441531627 0.0 1271.5 1.0 16.073941763815455 331.5388529221106 19.29754758197036 9.0 4.4 1.182 0.49163415808986816 "" "" 0.1748698053122271 1207.4273441531627 0.7034355242093715
5665 336.0 327.86151288203115 0.0 1271.5 1.0 3.3915239875360887 80.33984017257785 22.20316188639406 9.0 4.4 1.182 0.12779106823271988 "" "" 0.15481232227412925 277.86151288203115 0.7034355242093715
5666 336.0 2482.441242259682 0.0 1271.5 1.0 -5.922834409126592 101.6462989300372 11.804696809901182 9.0 4.4 1.182 0.12779106823271988 "" "" 0.33039203216139545 2432.441242259682 0.7034355242093715
5667 336.0 2183.015989630697 0.0 1271.5 1.0 4.671485009042311 19.698045936833726 11.03250652919912 9.0 4.4 1.182 0.12779106823271988 "" "" 0.37987169195986636 2133.015989630697 0.7034355242093715
5668 336.0 223.2725108745055 0.0 1271.5 1.0 34.24785596368717 264.6172961236199 17.31857525315353 9.0 4.4 1.182 0.49163415808986816 "" "" 0.3071944474956799 173.2725108745055 0.7034355242093715
5669 336.0 379.0420121516315 0.0 1271.5 1.0 78.95839042232141 77.31302434700399 13.425988897266635 9.0 4.4 1.182 0.49163415808986816 "" "" 0.1571031799486053 329.0420121516315 0.7034355242093715
5670 336.0 829.9729120322659 0.0 1271.5 1.0 38.31186916910845 335.8350352744854 10.299899697520077 9.0 4.4 1.182 0.49163415808986816 "" "" 0.4958527298602182 779.9729120322659 0.10352769518154452
5671 336.0 249.26543189619292 0.0 1271.5 1.0 -50.40077410576244 205.68120049533192 43.33262474571511 9.0 4.4 1.182 0.3336194118395014 "" "" 0.23408882052384797 199.26543189619292 0.7034355242093715
5672 336.0 146.80311914663326 0.0 1271.5 1.0 58.250158522894615 29.95746605873949 10.847802423206529 9.0 4.4 1.182 0.49163415808986816 "" "" 0.13358466903578456 96.80311914663325 0.7034355242093715
5673 336.0 321.23572128349065 0.0 1271.5 1.0 33.07725844182385 108.85206328461275 9.971133081788217 9.0 4.4 1.182 0.49163415808986816 "" "" 0.15561931375316063 271.23572128349065 0.10352769518154452
5674 336.0 557.7460096191904 0.0 1271.5 1.0 1.5555882764837639 340.2819504216991 9.08699584699235 9.0 4.4 1.182 0.12779106823271988 "" "" 0.2562777374950199 507.74600961919043 0.7034355242093715
5675 336.0 428.6871677579078 0.0 1271.5 1.0 -32.29646025475515 39.27976338386565 28.669965578991285 9.0 4.4 1.182 0.49163415808986816 "" "" 0.2975391156627193 378.6871677579078 0.7034355242093715
5676 336.0 428.70350465889993 0.0 1271.5 1.0 34.22575387781283 154.55093287879015 28.556103332504044 9.0 4.4 1.182 0.12779106823271988 "" "" 0.16453368321078943 378.70350465889993 0.7034355242093715
5677 336.0 490.6966232043307 0.0 1271.5 1.0 -30.20392250765018 0.9839422440969514 13.207405024533527 9.0 4.4 1.182 0.49163415808986816 "" "" 0.4654762458325459 440.6966232043307 0.7034355242093715
5678 336.0 726.0241494728365 0.0 1271.5 1.0 -13.439341779239435 39.5493701867741 11.991668735552883 9.0 4.4 1.182 0.12779106823271988 "" "" 0.4852945552847964 676.0241494728365 0.7034355242093715
5679 336.0 581.7470872863709 0.0 1271.5 1.0 -52.72580556638024 3.6090727552200708 10.764151018886567 9.0 4.4 1.182 0.12779106823271988 "" "" 0.5791782403773811 531.7470872863709 0.7034355242093715
5680 336.0 509.5682853609929 0.0 1271.5 1.0 58.864748687075156 327.13854601333253 38.79887043397743 9.0 4.4 1.182 0.3336194118395014 "" "" 0.3818002986565656 459.5682853609929 0.7034355242093715
5681 336.0 244.59477913004164 0.0 1271.5 1.0 -30.938396960778537 28.554680849270376 11.360564159380267 9.0 4.4 1.182 0.49163415808986816 "" "" 0.16934616816751602 194.59477913004164 0.7034355242093715
5682 336.0 1392.2360582610977 0.0 1271.5 1.0 26.559442721424904 88.85049151668834 12.422092712040437 9.0 4.4 1.182 0.12779106823271988 "" "" 0.3956248128801355 1342.2360582610977 0.7034355242093715
5683 336.0 967.4887871650292 0.0 1271.5 1.0 12.934499973738 218.2546056002477 25.189294456236006 9.0 4.4 1.182 0.3336194118395014 "" "" 0.4690124127976594 917.4887871650292 0.7034355242093715
5684 336.0 642.0840667078629 0.0 1271.5 1.0 -52.12244875223551 252.16497071454657 11.25164926057391 9.0 4.4 1.182 0.49163415808986816 "" "" 0.6866085992295535 592.0840667078629 0.7034355242093715
5685 336.0 538.0155536947407 0.0 1271.5 1.0 10.594956087940444 353.36964072979566 15.917356196813193 9.0 4.4 1.182 0.49163415808986816 "" "" 0.626625738378682 488.0155536947406 0.7034355242093715
5686 336.0 514.7795959773276 0.0 1271.5 1.0 -53.31606543844523 213.74790915493642 11.636469462737397 9.0 4.4 1.182 0.12779106823271988 "" "" 0.5906794627686326 464.77959597732763 0.7034355242093715
5687 336.0 455.12372777510296 0.0 1271.5 1.0 8.11953156018355 301.29239509724226 14.828166225711955 9.0 4.4 1.182 0.49163415808986816 "" "" 0.5477525727610764 405.12372777510296 0.7034355242093715
5688 336.0 446.06993578070734 0.0 1271.5 1.0 29.93769947588917 349.3439363384827 21.284864009717435 9.0 4.4 1.182 0.49163415808986816 "" "" 0.6128801677050804 396.06993578070734 0.7034355242093715
5689 336.0 495.36519237577795 0.0 1271.5 1.0 71.39281616243072 221.20804916583234 16.27908559973332 9.0 4.4 1.182 0.49163415808986816 "" "" 0.6265412330883634 445.36519237577795 0.7034355242093715
5690 336.0 510.0814856185518 0.0 1271.5 1.0 -82.18058498465659 265.0206908403934 22.156102939980745 9.0 4.4 1.182 0.49163415808986816 "" "" 0.6041991339602204 460.0814856185518 0.7034355242093715
5691 336.0 519.3470537058218 0.0 1271.5 1.0 -26.047449346507783 294.30583027838264 12.726776816134086 9.0 4.4 1.182 0.49163415808986816 "" "" 0.5608107355037397 469.34705370582185 0.7034355242093715
5692 336.0 790.3859799238435 0.0 1271.5 1.0 24.061752961479428 228.96343432301165 17.94000460552179 9.0 4.4 1.182 0.12779106823271988 "" "" 0.38409828512679745 740.3859799238435 0.7034355242093715
5693 336.0 350.31870618464075 0.0 1271.5 1.0 -34.638299117805424 23.28254049848274 9.38290447802298 9.0 4.4 1.182 0.3336194118395014 "" "" 0.1044793465391112 300.31870618464075 0.7034355242093715
5694 336.0 549.4405200830909 0.0 1271.5 1.0 46.97838326376387 30.941573462679685 9.089894286939932 9.0 4.4 1.182 0.49163415808986816 "" "" 0.4713168682665946 499.4405200830908 0.7034355242093715
5695 336.0 1477.116077374028 0.0 1271.5 1.0 -55.07020400613139 188.1489215852432 14.400348850536016 9.0 4.4 1.182 0.49163415808986816 "" "" 0.7273580496167682 1427.116077374028 0.7034355242093715
5696 336.0 257.01747161354194 0.0 1271.5 1.0 21.92870446312546 232.18968650126428 11.772561173131004 9.0 4.4 1.182 0.49163415808986816 "" "" 0.21144908166642967 207.01747161354191 0.7034355242093715
5697 336.0 1007.7903764261895 0.0 1271.5 1.0 -28.84559044882955 205.2716272411262 21.04978420666134 9.0 4.4 1.182 0.49163415808986816 "" "" 0.9632014722066237 957.7903764261895 0.7034355242093715
5698 336.0 847.8562069558053 0.0 1271.5 1.0 44.89102581273741 212.7504406894213 10.996149208221787 9.0 4.4 1.182 0.12779106823271988 "" "" 0.8462893372862078 797.8562069558053 0.7034355242093715
5699 336.0 364.7389192875979 0.0 1271.5 1.0 -55.77662863015107 268.48015472260965 15.803838324468387 9.0 4.4 1.182 0.3336194118395014 "" "" 0.3800905135155367 314.7389192875979 0.7034355242093715
5700 336.0 679.8111157696385 0.0 1271.5 1.0 -3.352861829163576 159.45104246245523 13.003105344295312 9.0 4.4 1.182 0.12779106823271988 "" "" 0.5656886690706089 629.8111157696385 0.7034355242093715
