zdm/data/Surveys/MC_CRAFT_ICS_1300.ecsv
# %ECSV 1.0
# ---
# datatype:
# - {name: TNS, datatype: string}
# - {name: BW, datatype: float64}
# - {name: DM, datatype: float64}
# - {name: DMG, datatype: float64}
# - {name: FBAR, datatype: float64}
# - {name: FRES, datatype: float64}
# - {name: Gb, datatype: float64}
# - {name: Gl, datatype: float64}
# - {name: SNR, datatype: float64}
# - {name: SNRTHRESH, datatype: float64}
# - {name: THRESH, datatype: float64}
# - {name: TRES, datatype: float64}
# - {name: WIDTH, datatype: float64}
# - {name: XDec, datatype: string}
# - {name: XRA, datatype: string}
# - {name: Z, datatype: float64}
# - {name: DMEG, datatype: float64}
# - {name: B, datatype: float64}
# meta: {survey_data: '{"observing": {"MAX_IDT": 4096}, "telescope": {"BEAM": "ASKAP_1300", "DIAM": 12.0, "NBEAMS": 36, "NBINS": 5}}'}
# schema: astropy-2.0
TNS BW DM DMG FBAR FRES Gb Gl SNR SNRTHRESH THRESH TRES WIDTH XDec XRA Z DMEG B
[from data line 5247]
5247 336.0 1064.2609402598866 278.65719907658075 1271.5 1.0 -7.753129875843457 23.66776981344536 1.4399167066843888 9.0 4.4 1.182 1.0 "" "" 0.4254147433934783 735.6037411833059 0.7034355242093715
5248 336.0 560.0242090356497 87.96515209814959 1271.5 1.0 -15.59068920743388 104.95666028776832 5.155854632510291 9.0 4.4 1.182 1.0 "" "" 0.17939001120967715 422.05905693750015 0.7034355242093715
5249 336.0 539.5763066420909 43.380686572854515 1271.5 1.0 41.387309226839506 320.6585901472103 6.679424584670726 9.0 4.4 1.182 2.0 "" "" 0.10329821935530356 446.1956200692364 0.7034355242093715
5250 336.0 802.1807290249377 67.7750174495897 1271.5 1.0 -20.827923480747184 208.57946877558982 1.1300113402420533 9.0 4.4 1.182 3.0 "" "" 0.313907397857875 684.405711575348 0.7034355242093715
5251 336.0 871.1175053568855 36.54376520470162 1271.5 1.0 -46.55710488480163 105.61884566154052 1.4453554796222559 9.0 4.4 1.182 2.0 "" "" 0.3644083396192983 784.573740152184 0.7034355242093715
5252 336.0 821.0907468391297 388.38244585546954 1271.5 1.0 5.860948226987526 7.049769821629659 1.1061321498608876 9.0 4.4 1.182 1.0 "" "" 0.31525135754152056 382.7083009836601 0.7034355242093715
5253 336.0 323.23944466423484 33.18755076340608 1271.5 1.0 -64.66685562356555 327.3285896460285 2.5387614614506657 9.0 4.4 1.182 3.0 "" "" 0.190558912840996 240.0518939008288 0.7034355242093715
5254 336.0 222.62019290460734 74.05996710463687 1271.5 1.0 25.224188200833495 344.0132478803821 7.16696148181545 9.0 4.4 1.182 3.0 "" "" 0.09763685063413262 98.56022579997048 0.7034355242093715
5255 336.0 423.1577938038395 26.46371736128928 1271.5 1.0 63.8527450660163 338.8537247496946 1.8028051517755175 9.0 4.4 1.182 2.0 "" "" 0.12960155980008128 346.6940764425502 0.7034355242093715
5256 336.0 291.45969218399523 32.812695157811746 1271.5 1.0 60.53183258548061 151.94211628132516 1.653763959319563 9.0 4.4 1.182 2.0 "" "" 0.1047785911119191 208.64699702618347 0.7034355242093715
5257 336.0 2719.3148292246337 122.7190531382557 1271.5 1.0 -10.513906366245472 106.80293612842601 1.333559598011345 9.0 4.4 1.182 3.0 "" "" 0.23529476792765294 2546.595776086378 0.7034355242093715
5258 336.0 1059.9152443952967 54.17799703717195 1271.5 1.0 -29.53042502976523 259.8228425226038 1.4114451903890133 9.0 4.4 1.182 1.0 "" "" 0.7721534343618232 955.7372473581247 0.7034355242093715
5259 336.0 478.86767957947154 32.08639305601763 1271.5 1.0 -59.8589088010991 231.62905335001156 1.0451575230439638 9.0 4.4 1.182 2.0 "" "" 0.37828981486527635 396.7812865234539 0.7034355242093715
5260 336.0 887.9969849077142 247.38591970240185 1271.5 1.0 7.815032606326194 252.63383186103133 1.2800585687420905 9.0 4.4 1.182 1.0 "" "" 0.5464912569811986 590.6110652053125 0.7034355242093715
5261 336.0 736.0995034844605 50.408327168410814 1271.5 1.0 28.73619184066446 77.76528846740267 1.476840393863152 9.0 4.4 1.182 2.0 "" "" 0.12406368177778034 635.6911763160497 0.7034355242093715
5262 336.0 1263.958011177094 103.47076763295048 1271.5 1.0 11.747595307007503 207.91047802764754 1.037644583126234 9.0 4.4 1.182 2.0 "" "" 0.14860666506545445 1110.4872435441434 0.7034355242093715
5263 336.0 766.3181657926493 160.9015376330646 1271.5 1.0 9.685861812424184 57.439424700364114 1.1650878260373787 9.0 4.4 1.182 1.0 "" "" 0.43460347956356377 555.4166281595847 0.7034355242093715
5264 336.0 390.89490763179106 37.77971541513743 1271.5 1.0 -47.30075087376296 191.50051892026093 12.535473209409254 9.0 4.4 1.182 2.0 "" "" 0.14206265889666997 303.1151922166536 0.7034355242093715
5265 336.0 478.39476829756836 136.32784447576304 1271.5 1.0 15.139157948066604 342.9808072553961 1.422365926950239 9.0 4.4 1.182 2.0 "" "" 0.24115899997663565 292.0669238218053 0.7034355242093715
5266 336.0 1115.2087727718178 102.81025775820578 1271.5 1.0 -12.777826542713704 128.20545486901153 1.119189574852276 9.0 4.4 1.182 2.0 "" "" 0.11216557357039032 962.398515013612 0.7034355242093715
5267 336.0 435.92336893476283 36.42254953739952 1271.5 1.0 -47.73348884719312 77.3104754981706 1.502298507738386 9.0 4.4 1.182 2.0 "" "" 0.2023090479540435 349.50081939736333 0.7034355242093715
5268 336.0 274.60022978230546 31.746775465198468 1271.5 1.0 -67.8336876047779 305.09562025642134 1.7666346257457388 9.0 4.4 1.182 3.0 "" "" 0.1715742582898439 192.85345431710698 0.7034355242093715
5269 336.0 298.193251801003 37.344547416700905 1271.5 1.0 -51.32827965982275 293.5721784165832 1.0731667373454967 9.0 4.4 1.182 1.0 "" "" 0.15601134038886938 210.84870438430207 0.7034355242093715
5270 336.0 681.022142896825 29.09942372079445 1271.5 1.0 78.57127976554084 256.49741488033186 3.1697775938001356 9.0 4.4 1.182 2.0 "" "" 0.2921688842893527 601.9227191760306 0.7034355242093715
5271 336.0 651.7505657370615 36.633461462620836 1271.5 1.0 -50.24436097135699 147.57654403063916 1.2143346310903966 9.0 4.4 1.182 2.0 "" "" 0.4876867295061734 565.1171042744406 0.7034355242093715
5272 336.0 371.05271332731377 40.1131116623412 1271.5 1.0 47.124936502838565 291.5366092697071 1.6959457157049243 9.0 4.4 1.182 2.0 "" "" 0.3059023954253672 280.9396016649726 0.7034355242093715
5273 336.0 823.8272395465395 47.82518478939213 1271.5 1.0 -41.91104882619664 344.33886427729243 1.273843808347118 9.0 4.4 1.182 3.0 "" "" 0.28792786394648373 726.0020547571474 0.7034355242093715
5274 336.0 302.4177725119708 32.07289942883303 1271.5 1.0 45.934735087771735 50.410153462013966 1.3312168045903086 9.0 4.4 1.182 2.0 "" "" 0.12912109637494845 220.34487308313774 0.7034355242093715
5275 336.0 987.6957901615727 117.40293281655269 1271.5 1.0 10.87280870317748 115.98145167046158 1.8593543546982918 9.0 4.4 1.182 1.0 "" "" 0.45288006094171007 820.29285734502 0.7034355242093715
5276 336.0 342.5162727799131 47.883042312633926 1271.5 1.0 -33.7483344760836 142.81065774018148 1.613183885441788 9.0 4.4 1.182 3.0 "" "" 0.140754286399391 244.6332304672792 0.7034355242093715
5277 336.0 402.5585407841461 28.493514202519208 1271.5 1.0 86.82593027837245 289.9855918105156 6.851735541570947 9.0 4.4 1.182 1.0 "" "" 0.16155072182695923 324.06502658162685 0.7034355242093715
5278 336.0 672.6755371719204 30.349686160756157 1271.5 1.0 69.58932764013991 277.0664788965714 1.5872265861368575 9.0 4.4 1.182 2.0 "" "" 0.12473755527663746 592.3258510111642 0.7034355242093715
5279 336.0 269.7717364419299 67.31242127348119 1271.5 1.0 28.259439843808334 317.01952944899057 2.1093938442238374 9.0 4.4 1.182 2.0 "" "" 0.19179840747709304 152.45931516844868 0.7034355242093715
5280 336.0 492.49777433937766 40.3087604649799 1271.5 1.0 39.78499760607895 116.2391381649069 2.663375630256701 9.0 4.4 1.182 2.0 "" "" 0.4486864649210219 402.18901387439774 0.7034355242093715
5281 336.0 277.3241547103827 44.4287375007467 1271.5 1.0 -38.66444159160904 157.6180564086015 4.588403061419193 9.0 4.4 1.182 2.0 "" "" 0.06347658735083017 182.89541720963595 0.7034355242093715
5282 336.0 459.5995388114586 103.02838726773948 1271.5 1.0 -18.215437575806718 32.3350924027662 1.204935940711162 9.0 4.4 1.182 1.0 "" "" 0.14203798207207644 306.5711515437191 0.7034355242093715
5283 336.0 388.8716917101396 48.3130506958405 1271.5 1.0 -34.232849710968075 187.34603980392268 2.227960350134271 9.0 4.4 1.182 2.0 "" "" 0.21541042941942434 290.5586410142991 0.7034355242093715
5284 336.0 626.7425497453465 100.49029222581548 1271.5 1.0 -19.59001783020296 315.41264737328873 1.0032569703914898 9.0 4.4 1.182 2.0 "" "" 0.4218126768510298 476.2522575195311 0.7034355242093715
5285 336.0 561.3246503339504 157.65104645707754 1271.5 1.0 -12.898605320362147 26.309707743435272 1.4749093059881464 9.0 4.4 1.182 1.0 "" "" 0.3890177176276617 353.6736038768729 0.7034355242093715
5286 336.0 440.65933228732774 110.75264692266789 1271.5 1.0 -19.076853008421725 0.7217336507593908 72.40552824311781 9.0 4.4 1.182 2.0 "" "" 0.03260090136494693 279.90668536465984 0.7034355242093715
5287 336.0 361.9398122573367 32.027200463059344 1271.5 1.0 -63.98683418012855 281.66866622165026 1.0668632205444994 9.0 4.4 1.182 2.0 "" "" 0.1636240848309331 279.9126117942774 0.7034355242093715
5288 336.0 322.81585921435277 53.60135780376076 1271.5 1.0 34.96482527573347 313.30195589991297 2.5627462838022432 9.0 4.4 1.182 2.0 "" "" 0.1936854830209543 219.214501410592 0.7034355242093715
5289 336.0 746.3341279720281 41.93881388006447 1271.5 1.0 37.618087545683 72.34040848740028 1.882134896481754 9.0 4.4 1.182 2.0 "" "" 0.4005345471564236 654.3953140919637 0.7034355242093715
5290 336.0 1539.3437495323187 72.61599199247974 1271.5 1.0 -20.411344229915752 155.68614844513158 3.2650441612404904 9.0 4.4 1.182 2.0 "" "" 0.46669432505802017 1416.727757539839 0.7034355242093715
5291 336.0 1253.9576958069226 818.997024823876 1271.5 1.0 2.176926234775602 1.4878516499712946 1.310190610864302 9.0 4.4 1.182 1.0 "" "" 0.28074233448243024 384.9606709830466 0.7034355242093715
5292 336.0 508.17670233150216 195.20602310114856 1271.5 1.0 -8.514399845033783 52.4902726334811 9.910385565711227 9.0 4.4 1.182 1.0 "" "" 0.11290461527158105 262.9706792303536 0.7034355242093715
5293 336.0 256.3334775020349 30.741680416312867 1271.5 1.0 -67.00045403826297 241.84314939276626 2.780687963858237 9.0 4.4 1.182 1.0 "" "" 0.12072081241403117 175.59179708572202 0.7034355242093715
5294 336.0 1403.7694506583016 25.867515097132042 1271.5 1.0 61.4742908586368 351.9901241982762 1.1549838654871156 9.0 4.4 1.182 2.0 "" "" 0.332708470676068 1327.9019355611695 0.7034355242093715
5295 336.0 226.37306389187546 40.307893172228056 1271.5 1.0 46.060090191902056 263.26166291885323 1.1991638760076069 9.0 4.4 1.182 3.0 "" "" 0.19003104128768977 136.0651707196474 0.7034355242093715
5296 336.0 329.6631117510293 79.179317965951 1271.5 1.0 20.118810484023157 260.04535829649546 31.947379651630687 9.0 4.4 1.182 2.0 "" "" 0.04461853337931571 200.4837937850783 0.7034355242093715
5297 336.0 496.67603730380256 93.2625534112989 1271.5 1.0 18.89409586921652 281.79984912141424 1.1135746042718642 9.0 4.4 1.182 1.0 "" "" 0.13653074172686994 353.4134838925037 0.7034355242093715
5298 336.0 1485.3402722550604 534.4185725846938 1271.5 1.0 -2.8770469699464583 37.82027936526445 1.0514263150526244 9.0 4.4 1.182 2.0 "" "" 0.2645873589366478 900.9216996703667 0.7034355242093715
5299 336.0 685.207639368397 81.74120541642883 1271.5 1.0 -24.441945284910947 330.2303389582642 2.22126296470574 9.0 4.4 1.182 2.0 "" "" 0.27730272230121045 553.4664339519683 0.7034355242093715
5300 336.0 326.29469034107683 85.76148247180924 1271.5 1.0 -22.652817222883492 23.477253996787127 1.9504751308562804 9.0 4.4 1.182 1.0 "" "" 0.19100673259364573 190.53320786926759 0.7034355242093715
5301 336.0 1010.6946543689728 672.12375920083 1271.5 1.0 -2.7177645764630287 341.2736977795504 1.7267978613520105 9.0 4.4 1.182 3.0 "" "" 0.21010967760134955 288.5708951681427 0.7034355242093715
5302 336.0 226.2271850511512 44.63755394617607 1271.5 1.0 37.21475711566394 4.186366781231512 6.522632703391706 9.0 4.4 1.182 3.0 "" "" 0.03997533752378544 131.58963110497513 0.7034355242093715
5303 336.0 354.96291534703 96.8532456422616 1271.5 1.0 -13.968433536092558 116.39261049247197 1.2997473327700022 9.0 4.4 1.182 2.0 "" "" 0.2945755239321195 208.10966970476838 0.7034355242093715
5304 336.0 299.06441092939724 78.00553613527251 1271.5 1.0 19.225496175124917 180.07585862405162 3.0200308929042676 9.0 4.4 1.182 3.0 "" "" 0.1211447902702108 171.05887479412473 0.7034355242093715
5305 336.0 335.8436879110611 30.992938296242013 1271.5 1.0 71.27858013025616 146.51324074493408 1.7221082938970524 9.0 4.4 1.182 1.0 "" "" 0.18627892316736738 254.8507496148191 0.7034355242093715
5306 336.0 1488.2523602715585 608.418360527091 1271.5 1.0 -4.895888634118735 262.72134483074115 1.3153045696026038 9.0 4.4 1.182 2.0 "" "" 0.8255262550824228 829.8339997444675 0.7034355242093715
5307 336.0 1269.0319687285125 75.56490330231466 1271.5 1.0 -22.459434120356388 276.76074230855716 1.068050600146744 9.0 4.4 1.182 2.0 "" "" 1.0829053689941477 1143.467065426198 0.7034355242093715
5308 336.0 281.70871273050807 39.771337118164034 1271.5 1.0 46.730101877133805 193.75996666651469 1.3716633500347857 9.0 4.4 1.182 1.0 "" "" 0.19075006521578375 191.93737561234406 0.7034355242093715
5309 336.0 294.3330707824639 30.515944863562574 1271.5 1.0 71.30261293014166 95.97729971796288 7.200262091591456 9.0 4.4 1.182 2.0 "" "" 0.19061492822638726 213.81712591890133 0.7034355242093715
5310 336.0 425.33739877641295 37.42026749197093 1271.5 1.0 -45.59385619852169 240.56950821700738 2.1153361280064393 9.0 4.4 1.182 2.0 "" "" 0.24455149759602474 337.917131284442 0.7034355242093715
5311 336.0 1033.7079178140189 49.764357824717116 1271.5 1.0 33.13419742976042 242.1062977955288 2.0492286171302956 9.0 4.4 1.182 3.0 "" "" 0.09803860016498965 933.9435599893017 0.7034355242093715
5312 336.0 787.9129188535497 31.352098114762722 1271.5 1.0 -68.52904750238177 126.02795095753508 2.147668239289553 9.0 4.4 1.182 1.0 "" "" 0.8631413030988636 706.560820738787 0.7034355242093715
5313 336.0 579.7862518142363 65.52495482622069 1271.5 1.0 21.579807223301337 108.12843186594087 1.4781857825566158 9.0 4.4 1.182 3.0 "" "" 0.3267750874837379 464.26129698801554 0.7034355242093715
5314 336.0 715.4436916941683 76.16063212727768 1271.5 1.0 -19.791239578372195 256.0411120518881 2.2831454756199703 9.0 4.4 1.182 2.0 "" "" 0.3348104987325522 589.2830595668905 0.7034355242093715
5315 336.0 348.4342218350942 35.29339010234271 1271.5 1.0 -50.764558261209494 76.60993180200408 1.1929257358658716 9.0 4.4 1.182 1.0 "" "" 0.16393394954164464 263.1408317327515 0.7034355242093715
5316 336.0 995.009131858075 38.755967228276674 1271.5 1.0 -47.15534101235943 157.279435718505 1.186732845508052 9.0 4.4 1.182 0.0 "" "" 0.7997193928152452 906.2531646297983 0.7034355242093715
5317 336.0 427.93151173159873 76.61786821153265 1271.5 1.0 -18.08413316444177 202.84003824022798 3.777414024072701 9.0 4.4 1.182 2.0 "" "" 0.06948056166077284 301.3136435200661 0.7034355242093715
5318 336.0 299.8930557670067 44.11796823346152 1271.5 1.0 -39.71277456781904 174.2362111860508 1.1025430428674317 9.0 4.4 1.182 3.0 "" "" 0.09534975935585341 205.77508753354513 0.7034355242093715
5319 336.0 368.57445138694584 56.991587354197456 1271.5 1.0 -25.192210852988374 234.31167950670866 13.392380268229223 9.0 4.4 1.182 1.0 "" "" 0.1904452013570494 261.5828640327484 0.7034355242093715
5320 336.0 716.5782225420082 74.23473699850868 1271.5 1.0 -18.279708459403 211.14701473150822 1.8688467077587778 9.0 4.4 1.182 2.0 "" "" 0.20847650269358703 592.3434855434996 0.7034355242093715
5321 336.0 987.8353401757124 748.7989640058179 1271.5 1.0 2.5417516735318326 355.95209078789287 4.953358222320252 9.0 4.4 1.182 2.0 "" "" 0.15013529939296125 189.03637616989448 0.7034355242093715
5322 336.0 304.389931149842 59.155939867907385 1271.5 1.0 -34.156539781496726 356.95836232562453 1.7101401333262365 9.0 4.4 1.182 2.0 "" "" 0.10927522818445946 195.2339912819346 0.7034355242093715
5323 336.0 904.4712801249212 35.15987000568655 1271.5 1.0 -49.95895881205174 105.26961697225808 156.90564628068336 9.0 4.4 1.182 2.0 "" "" 0.02343964672423185 819.3114101192347 0.7034355242093715
5324 336.0 1013.6440978494601 27.252400376218123 1271.5 1.0 53.946229650147984 12.5991176871605 1.970861644087348 9.0 4.4 1.182 1.0 "" "" 0.6312072789079464 936.391697473242 0.7034355242093715
5325 336.0 396.4144450931168 70.90828911317722 1271.5 1.0 21.369671900539775 168.67193699299324 1.6749464412558563 9.0 4.4 1.182 2.0 "" "" 0.2958155497272705 275.5061559799396 0.7034355242093715
5326 336.0 1087.4745318388768 759.8952504468369 1271.5 1.0 2.4333484994520065 9.237656070105604 1.153454956651013 9.0 4.4 1.182 4.0 "" "" 0.1697544514014264 277.57928139204 0.7034355242093715
5327 336.0 864.5871232743177 67.02943469659319 1271.5 1.0 22.7771622070443 201.66249646583827 1.209244604794851 9.0 4.4 1.182 2.0 "" "" 0.6721329966557551 747.5576885777245 0.7034355242093715
