zdm/data/Surveys/MC_CRAFT_ICS_1300_2.ecsv
# %ECSV 1.0
# ---
# datatype:
# - {name: TNS, datatype: string}
# - {name: BW, datatype: float64}
# - {name: DM, datatype: float64}
# - {name: DMG, datatype: float64}
# - {name: FBAR, datatype: float64}
# - {name: FRES, datatype: float64}
# - {name: Gb, datatype: float64}
# - {name: Gl, datatype: float64}
# - {name: SNR, datatype: float64}
# - {name: SNRTHRESH, datatype: float64}
# - {name: THRESH, datatype: float64}
# - {name: TRES, datatype: float64}
# - {name: WIDTH, datatype: float64}
# - {name: XDec, datatype: string}
# - {name: XRA, datatype: string}
# - {name: Z, datatype: float64}
# - {name: DMEG, datatype: float64}
# - {name: B, datatype: float64}
# meta: {survey_data: '{"observing": {"MAX_IDT": 4096}, "telescope": {"BEAM": "ASKAP_1300", "DIAM": 12.0, "NBEAMS": 36, "NBINS": 5}}'}
# schema: astropy-2.0
TNS BW DM DMG FBAR FRES Gb Gl SNR SNRTHRESH THRESH TRES WIDTH XDec XRA Z DMEG B
[from data line 7128]
7128 336.0 202.6345760773739 34.18434835488536 1271.5 1.0 -54.46017030414742 201.43320366200143 1.3779550799948106 9.0 4.4 1.182 3.0 "" "" 0.0526839778669195 118.45022772248855 0.29862230947307733
7129 336.0 852.5565630163557 157.855442592475 1271.5 1.0 -0.8055640193253871 171.44584807487595 1.3671182311940961 9.0 4.4 1.182 1.0 "" "" 0.26788469754730576 644.7011204238806 0.7323538448242547
7130 336.0 1153.8842240919366 42.33584969048247 1271.5 1.0 40.45879465794568 156.71913557750338 1.2642569232001177 9.0 4.4 1.182 2.0 "" "" 1.0903489227850243 1061.548374401454 0.7323538448242547
7131 336.0 195.70069106111848 51.207242932621064 1271.5 1.0 34.202034564910626 341.18510358293577 4.379622363486087 9.0 4.4 1.182 2.0 "" "" 0.06322760976689096 94.49344812849742 0.7323538448242547
7132 336.0 509.83563929348554 41.84514497893271 1271.5 1.0 -38.5258790720131 240.03979272493058 5.579955410673241 9.0 4.4 1.182 3.0 "" "" 0.12120928055768701 417.99049431455285 0.7323538448242547
7133 336.0 276.672457215929 44.5012399791586 1271.5 1.0 -34.53357154800222 75.98607913942685 1.1694415306650456 9.0 4.4 1.182 2.0 "" "" 0.11997712422283309 182.1712172367704 0.7323538448242547
7134 336.0 584.8786212249393 79.04027931347959 1271.5 1.0 24.047696531692488 303.9153554436015 1.0228834732701624 9.0 4.4 1.182 3.0 "" "" 0.08490654335732083 455.8383419114597 0.29862230947307733
7135 336.0 461.6547554790167 55.311214153868114 1271.5 1.0 33.89128464856766 301.9713662748895 2.9067158516373133 9.0 4.4 1.182 2.0 "" "" 0.23564013093030345 356.34354132514864 0.7323538448242547
7136 336.0 450.8769965549061 41.94149879992867 1271.5 1.0 42.95810729827701 175.97755191196586 3.000033909061709 9.0 4.4 1.182 3.0 "" "" 0.09743057344869077 358.9354977549774 0.7323538448242547
7137 336.0 814.631532785837 145.17231762218313 1271.5 1.0 5.648589809397218 231.0659544016309 2.563962523854302 9.0 4.4 1.182 2.0 "" "" 0.5597328324462711 619.4592151636539 0.7323538448242547
7138 336.0 316.66743242273265 53.66864867318072 1271.5 1.0 -36.50873493829252 319.44347856711744 1.5926287528930294 9.0 4.4 1.182 2.0 "" "" 0.1279881906050322 212.9987837495519 0.7323538448242547
7139 336.0 387.3620154022626 34.1290189441774 1271.5 1.0 52.45339007002689 319.3242162277356 1.8347291478887306 9.0 4.4 1.182 2.0 "" "" 0.12212517936420453 303.2329964580852 0.7323538448242547
7140 336.0 448.8523659100457 50.7818640998956 1271.5 1.0 -32.82678051163458 50.77101765197244 2.187575133491065 9.0 4.4 1.182 2.0 "" "" 0.26439406741705396 348.0705018101501 0.7323538448242547
7141 336.0 410.54559131549206 44.65748895422482 1271.5 1.0 36.43564865601354 142.2560494177839 3.408322587675845 9.0 4.4 1.182 2.0 "" "" 0.17505156926290694 315.8881023612672 0.7323538448242547
7142 336.0 851.9406628637237 40.963392489298876 1271.5 1.0 -40.991218128151274 203.48124853778504 1.1481507581797978 9.0 4.4 1.182 2.0 "" "" 0.3107184102414796 760.9772703744248 0.29862230947307733
7143 336.0 340.86414980382426 29.519491934089043 1271.5 1.0 -88.22734532762011 175.36112204798994 1.2151462368450405 9.0 4.4 1.182 1.0 "" "" 0.27708714042637456 261.3446578697352 0.7323538448242547
7144 336.0 343.5957260439184 33.88636166754508 1271.5 1.0 -57.08365204302634 275.99153421075863 1.1362540068836091 9.0 4.4 1.182 2.0 "" "" 0.07334370563858775 259.7093643763733 0.29862230947307733
7145 336.0 878.1035050292628 118.42483902821918 1271.5 1.0 -14.662217800555114 281.8309519833056 1.5879678026941877 9.0 4.4 1.182 2.0 "" "" 0.3117941452153328 709.6786660010437 0.7323538448242547
7146 336.0 717.3641548102532 31.424455828585245 1271.5 1.0 66.52615429115801 227.71591713801058 1.0906869883770267 9.0 4.4 1.182 2.0 "" "" 0.18228959505355974 635.939698981668 0.7323538448242547
7147 336.0 2503.0087665106576 1338.8864757095719 1271.5 1.0 0.31902132945195505 334.5129125690183 1.1341822970823456 9.0 4.4 1.182 2.0 "" "" 0.2960130155411842 1114.1222908010857 0.7323538448242547
7148 336.0 735.9912652524042 176.42578325513057 1271.5 1.0 -6.36900537473352 98.98191675147686 1.2966913011503585 9.0 4.4 1.182 2.0 "" "" 0.29618601952385565 509.5654819972736 0.7323538448242547
7149 336.0 524.1526626250791 242.77664760012823 1271.5 1.0 -9.13503701115562 338.0229722351233 6.995292045711842 9.0 4.4 1.182 2.0 "" "" 0.1906881831411187 231.37601502495085 0.7323538448242547
7150 336.0 233.61850131952792 76.93127283575986 1271.5 1.0 -21.540777196630664 272.08331787927386 8.271511309214905 9.0 4.4 1.182 2.0 "" "" 0.16450268291207848 106.68722848376808 0.7323538448242547
7151 336.0 264.16086709423814 68.55446194342278 1271.5 1.0 21.77384588412231 154.40771180547335 1.8538591999247367 9.0 4.4 1.182 2.0 "" "" 0.09698365046523617 145.6064051508154 0.7323538448242547
7152 336.0 363.7502555782642 33.30359471149342 1271.5 1.0 59.39770510063379 302.9040441635276 1.2338291927012242 9.0 4.4 1.182 1.0 "" "" 0.17759084246669474 280.4466608667708 0.7323538448242547
7153 336.0 397.7502877196051 29.776784651740392 1271.5 1.0 72.12368297563421 292.3172698345218 10.050403148771784 9.0 4.4 1.182 2.0 "" "" 0.22623918695420497 317.9735030678647 0.7323538448242547
7154 336.0 552.8348075244032 38.509329506194895 1271.5 1.0 42.22464745956509 79.17321058886252 1.0040990722363556 9.0 4.4 1.182 1.0 "" "" 0.18277618381679303 464.3254780182083 0.7323538448242547
7155 336.0 621.3738978946433 302.7057437474229 1271.5 1.0 -5.650729642261977 48.26287781047126 1.2318882017614554 9.0 4.4 1.182 2.0 "" "" 0.21827195702695962 268.66815414722043 0.7323538448242547
7156 336.0 513.8716063901231 33.8672647341742 1271.5 1.0 -53.994302558899875 93.42448739736484 2.894863345694524 9.0 4.4 1.182 3.0 "" "" 0.22599927455600896 430.00434165594896 0.7323538448242547
7157 336.0 531.5204534722911 42.405126955281474 1271.5 1.0 42.91834020090602 317.15880454632196 2.6598997406549607 9.0 4.4 1.182 2.0 "" "" 0.3446919160371918 439.1153265170097 0.7323538448242547
7158 336.0 208.5157522941206 41.229468731567934 1271.5 1.0 39.02245766668854 7.70138338303505 2.9227743823910797 9.0 4.4 1.182 2.0 "" "" 0.16281236784333092 117.28628356255267 0.7323538448242547
7159 336.0 268.98426257541587 31.343292160941825 1271.5 1.0 65.19953275425014 307.7691642002252 20.45559331415939 9.0 4.4 1.182 2.0 "" "" 0.03915013706670615 187.64097041447408 0.7323538448242547
7160 336.0 653.294488042432 90.24776925927411 1271.5 1.0 -15.376563429244017 177.56640041989408 1.3949760260067965 9.0 4.4 1.182 2.0 "" "" 0.25482064532714177 513.0467187831579 0.7323538448242547
7161 336.0 339.6375359206205 47.57489450772036 1271.5 1.0 -34.27402930038051 258.03379408030503 1.0888100900790487 9.0 4.4 1.182 2.0 "" "" 0.2964933871288952 242.06264141290018 0.7323538448242547
7162 336.0 1296.4191066683877 237.62867072532723 1271.5 1.0 1.9713807823696743 108.96456503872147 1.638455152780727 9.0 4.4 1.182 1.0 "" "" 0.35563042039104054 1008.7904359430605 0.7323538448242547
7163 336.0 248.86344094589634 92.86828637228211 1271.5 1.0 14.116477792212368 206.63014163548522 1.4917213159995473 9.0 4.4 1.182 0.0 "" "" 0.16351139386150026 105.99515457361423 0.7323538448242547
7164 336.0 275.7349512577962 31.632071711405466 1271.5 1.0 -63.540210097484376 200.3172153644534 2.429181093944598 9.0 4.4 1.182 2.0 "" "" 0.07857292649265919 194.10287954639068 0.7323538448242547
7165 336.0 754.9780738049571 39.364579190792526 1271.5 1.0 40.18425456354782 94.56652015089094 2.418575124306348 9.0 4.4 1.182 2.0 "" "" 0.1294203807275526 665.6134946141647 0.7323538448242547
7166 336.0 423.85020748880993 32.03118596887295 1271.5 1.0 -65.65350796877647 161.94719612188592 2.115058991144497 9.0 4.4 1.182 2.0 "" "" 0.15365621123034884 341.819021519937 0.7323538448242547
7167 336.0 836.2872371818205 30.799045815854818 1271.5 1.0 52.34063658906284 71.26399607762745 1.5038746733635826 9.0 4.4 1.182 3.0 "" "" 0.42357455958462353 755.4881913659657 0.7323538448242547
7168 336.0 519.5843395366817 37.656941845292785 1271.5 1.0 -49.820762388589834 161.6507221825895 1.0939413008307466 9.0 4.4 1.182 1.0 "" "" 0.30787034524544415 431.9273976913888 0.7323538448242547
7169 336.0 858.9410582432943 355.2022469962046 1271.5 1.0 -2.173870008090811 254.99662856789573 1.9478325195050492 9.0 4.4 1.182 1.0 "" "" 0.2030123162408637 453.7388112470897 0.7323538448242547
7170 336.0 1338.3178153834513 238.58300808710126 1271.5 1.0 6.194529704771847 279.56972827433475 1.1184538997508873 9.0 4.4 1.182 2.0 "" "" 0.8406649105413131 1049.73480729635 0.7323538448242547
7171 336.0 834.7450614677502 105.66612534093927 1271.5 1.0 11.995107470602816 138.94317252411383 1.0057344631961358 9.0 4.4 1.182 2.0 "" "" 0.32073041115810724 679.078936126811 0.29862230947307733
7172 336.0 776.9998557633917 109.80265941699554 1271.5 1.0 -11.002946627804258 154.5651906715955 1.9287884279848029 9.0 4.4 1.182 2.0 "" "" 0.6764849077722516 617.1971963463961 0.7323538448242547
7173 336.0 1074.0954999919368 56.240263610009485 1271.5 1.0 28.961275409470467 171.1258136848254 2.896847549030446 9.0 4.4 1.182 2.0 "" "" 0.9031619025747779 967.8552363819274 0.7323538448242547
7174 336.0 328.59437956863803 43.26431335344087 1271.5 1.0 -37.45603186265394 209.34531013699169 8.168647987498609 9.0 4.4 1.182 2.0 "" "" 0.15476235383728945 235.33006621519715 0.7323538448242547
7175 336.0 848.8163730394556 525.2995195909217 1271.5 1.0 -2.7810321903612096 39.93664949248599 1.1027906340111762 9.0 4.4 1.182 3.0 "" "" 0.06195142029017202 273.5168534485339 0.29862230947307733
7176 336.0 394.1066756933358 29.645650934522507 1271.5 1.0 -85.66463660716056 93.00306307188784 1.3026880085983428 9.0 4.4 1.182 2.0 "" "" 0.3482314141415927 314.46102475881327 0.7323538448242547
7177 336.0 351.9077802286027 35.5185916453108 1271.5 1.0 -56.238547831297275 304.43938422597483 2.2571979798432453 9.0 4.4 1.182 3.0 "" "" 0.28085647307111905 266.3891885832919 0.7323538448242547
7178 336.0 437.17763364355625 84.90637667448532 1271.5 1.0 -21.292747352124994 36.13745805732464 1.302177245872242 9.0 4.4 1.182 1.0 "" "" 0.2558254209571946 302.2712569690709 0.7323538448242547
7179 336.0 723.164690081848 28.515453093156612 1271.5 1.0 51.46709045177899 15.917383960959066 1.0984138372463539 9.0 4.4 1.182 1.0 "" "" 0.29950356363239095 644.6492369886914 0.7323538448242547
7180 336.0 276.8324249252242 56.273638395621596 1271.5 1.0 25.56959017434591 106.67322922454282 3.2927925995138048 9.0 4.4 1.182 3.0 "" "" 0.06522878134120179 170.5587865296026 0.7323538448242547
7181 336.0 749.3184703138123 43.282574329724326 1271.5 1.0 40.93898565744945 202.86802873091946 1.5919469290347104 9.0 4.4 1.182 2.0 "" "" 0.37972026334254566 656.035895984088 0.7323538448242547
7182 336.0 812.1761558875735 34.415276663693234 1271.5 1.0 57.01393835554402 262.7322459654041 1.1915777297392454 9.0 4.4 1.182 3.0 "" "" 0.6624536534790101 727.7608792238802 0.7323538448242547
7183 336.0 637.2745319633814 83.76075941023635 1271.5 1.0 22.864498588174474 336.81711836783643 2.3510569635953305 9.0 4.4 1.182 2.0 "" "" 0.4766137195054914 503.5137725531451 0.7323538448242547
7184 336.0 615.581130799066 44.64051629263075 1271.5 1.0 -41.10897371025566 40.21714067475213 1.0336698985737696 9.0 4.4 1.182 2.0 "" "" 0.14707182484482587 520.9406145064353 0.7323538448242547
7185 336.0 599.2792567481839 37.91029777129447 1271.5 1.0 43.634907988632186 116.45721769891144 1.1268342607563913 9.0 4.4 1.182 2.0 "" "" 0.38593610286522734 511.3689589768895 0.7323538448242547
7186 336.0 959.3406267620587 517.494724880694 1271.5 1.0 -6.978195301601504 268.86320634695915 1.3537616244348765 9.0 4.4 1.182 2.0 "" "" 0.3887822689486996 391.84590188136474 0.7323538448242547
7187 336.0 1445.268872340595 88.14768846269727 1271.5 1.0 -14.394670476808932 210.46714822547685 1.1008047686997415 9.0 4.4 1.182 2.0 "" "" 0.2858119145528049 1307.1211838778977 0.7323538448242547
7188 336.0 1233.6854199324903 104.70432256260393 1271.5 1.0 12.005523137639345 185.01567379707353 1.4514350603864024 9.0 4.4 1.182 2.0 "" "" 0.4073442508114071 1078.9810973698864 0.7323538448242547
7189 336.0 576.0520696623677 157.69961418879907 1271.5 1.0 -1.9664384726427713 160.76539694563786 2.027481802001743 9.0 4.4 1.182 2.0 "" "" 0.4420715353672884 368.3524554735686 0.7323538448242547
7190 336.0 586.2843945760148 152.95018105612385 1271.5 1.0 3.759421276669691 223.94479365147276 2.531168338656645 9.0 4.4 1.182 2.0 "" "" 0.5033522953272604 383.334213519891 0.7323538448242547
7191 336.0 382.36536139170454 31.14136652846783 1271.5 1.0 -67.17984048980345 274.19230811505497 1.9058306887223129 9.0 4.4 1.182 3.0 "" "" 0.12429093026102199 301.2239948632367 0.29862230947307733
7192 336.0 248.51288409257074 46.032572258666725 1271.5 1.0 -33.1613644469263 73.19897056226368 2.050141009679045 9.0 4.4 1.182 3.0 "" "" 0.08654954327431758 152.480311833904 0.29862230947307733
7193 336.0 515.9130829340162 268.08779940542803 1271.5 1.0 -8.483929351962633 348.7881861597965 4.043644403440353 9.0 4.4 1.182 2.0 "" "" 0.12569089529670022 197.82528352858816 0.7323538448242547
7194 336.0 432.49051256854955 37.22114852193826 1271.5 1.0 -48.09974870940495 63.266075929934104 2.608289203366964 9.0 4.4 1.182 2.0 "" "" 0.2109504819007624 345.26936404661126 0.7323538448242547
7195 336.0 1031.0130627970852 35.695041525538976 1271.5 1.0 42.9848867733716 56.0229443238981 3.0059723016389825 9.0 4.4 1.182 2.0 "" "" 0.505939314708924 945.3180212715462 0.7323538448242547
7196 336.0 405.96967732061654 71.66228273482494 1271.5 1.0 -19.70662229659908 203.76558727094297 1.953403872280785 9.0 4.4 1.182 2.0 "" "" 0.05759094675527403 284.3073945857916 0.29862230947307733
7197 336.0 580.9657375593412 84.60139057041 1271.5 1.0 -21.886117057003638 32.19740135583838 1.2463650262212294 9.0 4.4 1.182 1.0 "" "" 0.191563785543817 446.3643469889311 0.7323538448242547
7198 336.0 734.1294962009191 53.84433451924169 1271.5 1.0 31.495684691353226 21.544779263348303 2.8236360889878727 9.0 4.4 1.182 1.0 "" "" 0.3639449977293622 630.2851616816774 0.7323538448242547
7199 336.0 331.2988899359185 25.49933706586211 1271.5 1.0 67.01265095992207 71.71091635086839 2.082260520194102 9.0 4.4 1.182 2.0 "" "" 0.20912520548234337 255.79955287005637 0.7323538448242547
7200 336.0 453.52300709299726 31.640912375103287 1271.5 1.0 65.45539305337076 243.88699651777608 1.1147805826215953 9.0 4.4 1.182 2.0 "" "" 0.2642399391636581 371.88209471789395 0.29862230947307733
7201 336.0 276.2619182838604 116.18838241119197 1271.5 1.0 9.369792178365167 209.14725012342544 47.79706759212971 9.0 4.4 1.182 2.0 "" "" 0.02983694694602919 110.07353587266843 0.7323538448242547
7202 336.0 1398.1365045826233 276.72708841480426 1271.5 1.0 1.510974288568698 90.5036200703608 1.1856492089746422 9.0 4.4 1.182 2.0 "" "" 0.7710155654966899 1071.409416167819 0.7323538448242547
7203 336.0 812.0680766743495 62.53353315013771 1271.5 1.0 -31.44797111439596 329.7799372645296 1.3095755773149391 9.0 4.4 1.182 2.0 "" "" 0.8383860400727127 699.5345435242118 0.7323538448242547
7204 336.0 305.42866621631777 59.53326784190637 1271.5 1.0 -30.882344663872914 298.57779194570116 1.0122294163922247 9.0 4.4 1.182 2.0 "" "" 0.169977718660148 195.8953983744114 0.7323538448242547
7205 336.0 347.8463573334416 109.83527342519756 1271.5 1.0 16.91607422479474 294.4215810270256 1.9145397978845313 9.0 4.4 1.182 2.0 "" "" 0.1815040243533376 188.01108390824402 0.7323538448242547
7206 336.0 356.1676522005286 71.0324534122207 1271.5 1.0 -26.742037290334064 309.3771844574706 4.47550857461848 9.0 4.4 1.182 1.0 "" "" 0.19281372783668124 235.1351987883079 0.29862230947307733
7207 336.0 1096.8025260208815 145.43946976336443 1271.5 1.0 7.331094081925602 123.26097808155346 1.2438767738196999 9.0 4.4 1.182 2.0 "" "" 1.024106305801452 901.363056257517 0.7323538448242547
7208 336.0 1286.4439970075466 37.725335847433605 1271.5 1.0 44.81210151373073 126.71907694057829 3.2979710639403867 9.0 4.4 1.182 1.0 "" "" 0.41745252612986666 1198.718661160113 0.7323538448242547
