zdm/data/Surveys/MC_CRAFT_ICS_1300.ecsv
# %ECSV 1.0
# ---
# datatype:
# - {name: TNS, datatype: string}
# - {name: BW, datatype: float64}
# - {name: DM, datatype: float64}
# - {name: DMG, datatype: float64}
# - {name: FBAR, datatype: float64}
# - {name: FRES, datatype: float64}
# - {name: Gb, datatype: float64}
# - {name: Gl, datatype: float64}
# - {name: SNR, datatype: float64}
# - {name: SNRTHRESH, datatype: float64}
# - {name: THRESH, datatype: float64}
# - {name: TRES, datatype: float64}
# - {name: WIDTH, datatype: float64}
# - {name: XDec, datatype: string}
# - {name: XRA, datatype: string}
# - {name: Z, datatype: float64}
# - {name: DMEG, datatype: float64}
# - {name: B, datatype: float64}
# meta: {survey_data: '{"observing": {"MAX_IDT": 4096}, "telescope": {"BEAM": "ASKAP_1300", "DIAM": 12.0, "NBEAMS": 36, "NBINS": 5}}'}
# schema: astropy-2.0
TNS BW DM DMG FBAR FRES Gb Gl SNR SNRTHRESH THRESH TRES WIDTH XDec XRA Z DMEG B
[from data line 7493]
7493 336.0 503.00796659269696 0.0 1271.5 1.0 -9.637668673290644 66.50419320049515 11.284133115914829 9.0 4.4 1.182 0.3336194118395014 "" "" 0.5601587363420193 453.00796659269696 0.7034355242093715
7494 336.0 631.6931080584143 0.0 1271.5 1.0 38.531906222287084 16.620316860892054 9.881415430791986 9.0 4.4 1.182 0.3336194118395014 "" "" 0.42905889156907806 581.6931080584143 0.7034355242093715
7495 336.0 657.0258024587165 0.0 1271.5 1.0 -39.63762947508487 238.08150233077419 11.29361586701715 9.0 4.4 1.182 0.12779106823271988 "" "" 0.3371916888498209 607.0258024587165 0.7034355242093715
7496 336.0 491.0600524428412 0.0 1271.5 1.0 -63.08395937028517 205.7953744096867 29.502126842213006 9.0 4.4 1.182 0.49163415808986816 "" "" 0.5417436483305829 441.0600524428412 0.7034355242093715
7497 336.0 325.54559056645536 0.0 1271.5 1.0 -11.107997496816761 0.4614366487453436 45.07617476649318 9.0 4.4 1.182 0.49163415808986816 "" "" 0.17246582842279268 275.54559056645536 0.7034355242093715
7498 336.0 941.2618124604467 0.0 1271.5 1.0 16.470981388111717 42.642593206617924 9.231207404355654 9.0 4.4 1.182 0.49163415808986816 "" "" 0.719466385482965 891.2618124604467 0.7034355242093715
7499 336.0 303.6043230503566 0.0 1271.5 1.0 51.47212316243724 269.65221259814416 18.98144956862549 9.0 4.4 1.182 0.3336194118395014 "" "" 0.32424537505810347 253.60432305035658 0.7034355242093715
7500 336.0 984.2684268126918 0.0 1271.5 1.0 -10.055829831932611 231.07630460548572 11.101626406096559 9.0 4.4 1.182 0.49163415808986816 "" "" 0.8028199909610907 934.2684268126918 0.7034355242093715
7501 336.0 250.4314621142165 0.0 1271.5 1.0 36.0664532115761 9.214556845488652 22.00065913214212 9.0 4.4 1.182 0.49163415808986816 "" "" 0.2569630763125126 200.4314621142165 0.7034355242093715
7502 336.0 990.3630472080583 0.0 1271.5 1.0 -51.609780519073645 175.39030937061483 9.150201964756548 9.0 4.4 1.182 0.3336194118395014 "" "" 0.3531738027072563 940.3630472080583 0.7034355242093715
7503 336.0 773.179843125625 0.0 1271.5 1.0 -21.755355127052702 356.85588018255794 11.066955624969356 9.0 4.4 1.182 0.12779106823271988 "" "" 0.6585473248006 723.179843125625 0.7034355242093715
7504 336.0 1897.4448481887002 0.0 1271.5 1.0 -3.2594692624975323 95.11943828093622 10.835232007192333 9.0 4.4 1.182 0.49163415808986816 "" "" 0.5133085983978086 1847.4448481887002 0.7034355242093715
7505 336.0 360.9859919474065 0.0 1271.5 1.0 59.556440836314685 110.90806968767491 9.199100672134456 9.0 4.4 1.182 0.12779106823271988 "" "" 0.4439088579022329 310.9859919474065 0.7034355242093715
7506 336.0 221.83920582999875 0.0 1271.5 1.0 -5.515309237718882 287.14560990301305 11.84131208421378 9.0 4.4 1.182 0.49163415808986816 "" "" 0.13602883208231564 171.83920582999875 0.7034355242093715
7507 336.0 491.2256867484465 0.0 1271.5 1.0 40.976715936325995 250.1788725729794 11.826699732100762 9.0 4.4 1.182 0.49163415808986816 "" "" 0.13116011484823703 441.2256867484465 0.7034355242093715
7508 336.0 425.2820646217551 0.0 1271.5 1.0 16.04207492952503 146.37028833891546 16.625895596739667 9.0 4.4 1.182 0.3336194118395014 "" "" 0.2580973809721864 375.2820646217551 0.7034355242093715
7509 336.0 714.879692140846 0.0 1271.5 1.0 -55.711985861211204 136.75657454463746 19.09606528040584 9.0 4.4 1.182 0.49163415808986816 "" "" 0.6087262161182239 664.879692140846 0.7034355242093715
7510 336.0 772.4002414486602 0.0 1271.5 1.0 -13.18549238198073 351.5725984627573 21.869704013822293 9.0 4.4 1.182 0.49163415808986816 "" "" 0.6380455801594791 722.4002414486602 0.7034355242093715
7511 336.0 430.13903648538246 0.0 1271.5 1.0 18.252948180229897 254.77240699543566 15.261788875807785 9.0 4.4 1.182 0.12779106823271988 "" "" 0.3875733986427102 380.13903648538246 0.7034355242093715
7512 336.0 281.45255419081684 0.0 1271.5 1.0 22.40582517408623 204.20275210084955 10.794028951021389 9.0 4.4 1.182 0.3336194118395014 "" "" 0.3395405191893692 231.4525541908168 0.7034355242093715
7513 336.0 559.1273263940366 0.0 1271.5 1.0 -6.3656908046501215 310.6708538388882 11.109576432883864 9.0 4.4 1.182 0.3336194118395014 "" "" 0.6968514553552293 509.1273263940366 0.7034355242093715
7514 336.0 609.6764427426591 0.0 1271.5 1.0 65.02579979180054 46.42984068620374 18.481870291852015 9.0 4.4 1.182 0.12779106823271988 "" "" 0.5310583812621772 559.6764427426591 0.7034355242093715
7515 336.0 1202.6037201625797 0.0 1271.5 1.0 2.2767991606817337 85.78066199508132 9.152257448319245 9.0 4.4 1.182 0.12779106823271988 "" "" 1.3298622574015653 1152.6037201625797 0.7034355242093715
7516 336.0 91.46739149412856 0.0 1271.5 1.0 9.947386163727936 209.22113679602595 13.734750827329314 9.0 4.4 1.182 0.0414153550090931 "" "" 0.07895829297468726 41.46739149412856 0.7034355242093715
7517 336.0 234.95460341720118 0.0 1271.5 1.0 9.797486546624956 346.08871519622573 10.04417171732057 9.0 4.4 1.182 0.3336194118395014 "" "" 0.11047726121376651 184.95460341720118 0.10352769518154452
7518 336.0 491.6142685275652 0.0 1271.5 1.0 -46.16430373370311 192.32992303129072 11.329593943554109 9.0 4.4 1.182 0.49163415808986816 "" "" 0.4433632069696182 441.6142685275652 0.7034355242093715
7519 336.0 484.7531012668822 0.0 1271.5 1.0 -18.747680000783415 6.5307878891681215 29.72944126334739 9.0 4.4 1.182 0.49163415808986816 "" "" 0.6807701746262669 434.7531012668822 0.7034355242093715
7520 336.0 188.01787323390857 0.0 1271.5 1.0 -22.173622698066502 103.17655150761964 26.760518672985576 9.0 4.4 1.182 0.12779106823271988 "" "" 0.11511630165816095 138.01787323390857 0.7034355242093715
7521 336.0 526.5634870681175 0.0 1271.5 1.0 -8.828944827738518 308.8687227974183 15.660637800251283 9.0 4.4 1.182 0.49163415808986816 "" "" 0.42424236897270956 476.5634870681175 0.10352769518154452
7522 336.0 1121.311445122022 0.0 1271.5 1.0 60.155093074044736 37.794757660070516 11.028780682921328 9.0 4.4 1.182 0.12779106823271988 "" "" 0.8622877878955313 1071.311445122022 0.7034355242093715
7523 336.0 351.6773746393077 0.0 1271.5 1.0 -0.8963851589305589 234.54140229742322 16.838881854428195 9.0 4.4 1.182 0.12779106823271988 "" "" 0.222583280845776 301.6773746393077 0.7034355242093715
7524 336.0 395.4256755320719 0.0 1271.5 1.0 -47.54839050576102 238.10808728868093 9.864033535492164 9.0 4.4 1.182 0.49163415808986816 "" "" 0.2565718007556961 345.4256755320719 0.7034355242093715
7525 336.0 921.9059768271893 0.0 1271.5 1.0 24.555540116271782 270.5614222597467 10.485219336783654 9.0 4.4 1.182 0.49163415808986816 "" "" 0.9850477842744729 871.9059768271893 0.7034355242093715
7526 336.0 1088.039750708409 0.0 1271.5 1.0 0.08224159902609 261.16163901513914 10.479194643114315 9.0 4.4 1.182 0.3336194118395014 "" "" 0.2979228936658155 1038.039750708409 0.7034355242093715
7527 336.0 936.5033934128883 0.0 1271.5 1.0 -3.416745879932857 69.88961640992817 10.963511301940056 9.0 4.4 1.182 0.12779106823271988 "" "" 0.23413483859762724 886.5033934128883 0.7034355242093715
7528 336.0 399.16484147086015 0.0 1271.5 1.0 38.99654614758734 76.6635447433131 9.294997778000608 9.0 4.4 1.182 0.49163415808986816 "" "" 0.5335653567547557 349.16484147086015 0.7034355242093715
7529 336.0 1279.3802961236738 0.0 1271.5 1.0 -12.611608127836726 170.57863984108786 12.724338317976908 9.0 4.4 1.182 0.49163415808986816 "" "" 0.44028729360537777 1229.3802961236738 0.7034355242093715
7530 336.0 320.7236662585756 0.0 1271.5 1.0 17.5126284037289 98.93073651482884 30.42856761129399 9.0 4.4 1.182 0.49163415808986816 "" "" 0.491966570008481 270.7236662585756 0.7034355242093715
7531 336.0 676.1428292792468 0.0 1271.5 1.0 -86.5423138752345 309.9164715732684 31.81276180812154 9.0 4.4 1.182 0.49163415808986816 "" "" 0.5638602596160841 626.1428292792468 0.7034355242093715
7532 336.0 777.2442867064954 0.0 1271.5 1.0 54.825231182790965 204.74410624726121 9.664077640704955 9.0 4.4 1.182 0.3336194118395014 "" "" 0.21443689068606397 727.2442867064954 0.7034355242093715
7533 336.0 905.9226482495827 0.0 1271.5 1.0 43.70214897924867 295.0680003925494 9.268252019116499 9.0 4.4 1.182 0.12779106823271988 "" "" 0.6921159151947769 855.9226482495827 0.7034355242093715
7534 336.0 472.10548913316205 0.0 1271.5 1.0 -28.277420379193114 31.417220520406598 14.710481962006307 9.0 4.4 1.182 0.12779106823271988 "" "" 0.59773206367521 422.10548913316205 0.7034355242093715
7535 336.0 825.2908837496645 0.0 1271.5 1.0 23.193022530332538 238.31645767057438 14.699421979845908 9.0 4.4 1.182 0.49163415808986816 "" "" 0.31800316936621 775.2908837496645 0.7034355242093715
7536 336.0 718.3099892478784 0.0 1271.5 1.0 26.05251802078082 171.37920445436228 22.25705887923318 9.0 4.4 1.182 0.12779106823271988 "" "" 0.5617052856290814 668.3099892478784 0.7034355242093715
7537 336.0 482.39204996486916 0.0 1271.5 1.0 -8.033665594589875 88.2072643489543 11.339440728503554 9.0 4.4 1.182 0.12779106823271988 "" "" 0.4057999374473678 432.39204996486916 0.7034355242093715
7538 336.0 319.2457855588248 0.0 1271.5 1.0 13.511432817487174 129.0981692140976 12.50502426833689 9.0 4.4 1.182 0.3336194118395014 "" "" 0.07433347218133855 269.2457855588248 0.7034355242093715
7539 336.0 2729.0392594022433 0.0 1271.5 1.0 -29.02965010887074 251.55024252508596 10.602656036466648 9.0 4.4 1.182 0.3336194118395014 "" "" 0.1942967548849739 2679.0392594022433 0.7034355242093715
7540 336.0 441.5277395141271 0.0 1271.5 1.0 -25.70348549910386 340.6926979452775 11.182817562150193 9.0 4.4 1.182 0.49163415808986816 "" "" 0.4665245478066511 391.5277395141271 0.7034355242093715
7541 336.0 716.3330089849267 0.0 1271.5 1.0 38.46019515702408 142.08675077344304 14.239236078224268 9.0 4.4 1.182 0.3336194118395014 "" "" 0.2471971318807255 666.3330089849267 0.7034355242093715
7542 336.0 258.5024910529813 0.0 1271.5 1.0 -24.970675594322895 219.84000542822912 41.595073174091965 9.0 4.4 1.182 0.3336194118395014 "" "" 0.21151664611432588 208.5024910529813 0.7034355242093715
7543 336.0 429.0568651859834 0.0 1271.5 1.0 1.1657556800654074 224.5988053612156 12.087118378253004 9.0 4.4 1.182 0.3336194118395014 "" "" 0.48749457672052976 379.0568651859834 0.7034355242093715
7544 336.0 424.84662987115047 0.0 1271.5 1.0 -31.543637470757425 281.51251370798747 9.116238826891388 9.0 4.4 1.182 0.49163415808986816 "" "" 0.5809135771835745 374.84662987115047 0.7034355242093715
7545 336.0 414.8099949994471 0.0 1271.5 1.0 23.561659834352692 97.85976109339036 13.661240061659395 9.0 4.4 1.182 0.49163415808986816 "" "" 0.524636395359849 364.8099949994471 0.7034355242093715
7546 336.0 205.41872510698818 0.0 1271.5 1.0 -10.775007846568862 319.5992873852586 9.062097037296564 9.0 4.4 1.182 0.3336194118395014 "" "" 0.22561218807974134 155.41872510698818 0.7034355242093715
7547 336.0 361.2189760344047 0.0 1271.5 1.0 -18.698785676298545 281.8781051074398 13.211967678096052 9.0 4.4 1.182 0.49163415808986816 "" "" 0.22908599733318635 311.2189760344047 0.7034355242093715
7548 336.0 146.04296469455988 0.0 1271.5 1.0 3.2624197252992286 219.7216766892803 97.40404807348811 9.0 4.4 1.182 0.49163415808986816 "" "" 0.05738225284348664 96.04296469455987 0.7034355242093715
7549 336.0 1037.69445938436 0.0 1271.5 1.0 -8.520756745798826 321.3292605832049 9.540801890808721 9.0 4.4 1.182 0.49163415808986816 "" "" 0.5290109093356143 987.6944593843601 0.7034355242093715
7550 336.0 549.1139903589843 0.0 1271.5 1.0 -38.46402522515826 136.4438065500359 13.683319974972292 9.0 4.4 1.182 0.49163415808986816 "" "" 0.44218979227000416 499.1139903589843 0.7034355242093715
7551 336.0 1243.2522773488329 0.0 1271.5 1.0 -68.77788745831835 294.29380412186174 9.005613437415079 9.0 4.4 1.182 0.49163415808986816 "" "" 0.5722345816494736 1193.2522773488329 0.7034355242093715
7552 336.0 642.8746721939195 0.0 1271.5 1.0 -18.176989192798153 232.2564115237215 14.956153568389155 9.0 4.4 1.182 0.12779106823271988 "" "" 0.6794071856057284 592.8746721939195 0.7034355242093715
7553 336.0 373.99320219088855 0.0 1271.5 1.0 59.83864388540605 290.56248861736145 11.065781274815087 9.0 4.4 1.182 0.3336194118395014 "" "" 0.40896319146392557 323.99320219088855 0.7034355242093715
7554 336.0 755.9315122286351 0.0 1271.5 1.0 -5.484684360466717 326.07539560554835 19.481499724794027 9.0 4.4 1.182 0.3336194118395014 "" "" 0.6621601534135215 705.9315122286351 0.7034355242093715
7555 336.0 746.3785389235786 0.0 1271.5 1.0 5.160362321001398 59.1475099587987 13.800361284816454 9.0 4.4 1.182 0.49163415808986816 "" "" 0.9695055130407464 696.3785389235786 0.7034355242093715
7556 336.0 559.5605875006436 0.0 1271.5 1.0 71.29170424783811 258.4285408698871 45.46868468452819 9.0 4.4 1.182 0.49163415808986816 "" "" 0.2622084177658489 509.5605875006435 0.7034355242093715
7557 336.0 158.87855722837259 0.0 1271.5 1.0 -74.60660624040884 284.2034509396735 19.693111535012914 9.0 4.4 1.182 0.49163415808986816 "" "" 0.09523603418241636 108.8785572283726 0.7034355242093715
7558 336.0 394.9472580071672 0.0 1271.5 1.0 -30.91598742659712 125.52613142667359 17.052170364266747 9.0 4.4 1.182 0.12779106823271988 "" "" 0.2439075424188612 344.9472580071672 0.7034355242093715
7559 336.0 1335.0405436656893 0.0 1271.5 1.0 -72.71080431770042 188.15124938188447 11.121099902519255 9.0 4.4 1.182 0.12779106823271988 "" "" 0.5923856828871447 1285.0405436656893 0.7034355242093715
7560 336.0 403.8010271357781 0.0 1271.5 1.0 -58.958582144252475 39.843835628260656 9.818402370358346 9.0 4.4 1.182 0.3336194118395014 "" "" 0.09698063046118238 353.8010271357781 0.7034355242093715
7561 336.0 224.42288707827288 0.0 1271.5 1.0 -30.348466825099315 277.49937172217926 18.535809537787582 9.0 4.4 1.182 0.49163415808986816 "" "" 0.21257699638974872 174.42288707827288 0.7034355242093715
7562 336.0 660.2495678482451 0.0 1271.5 1.0 22.670534942951374 284.86021039207264 206.34223789686976 9.0 4.4 1.182 0.49163415808986816 "" "" 0.015178189780048403 610.2495678482451 0.10352769518154452
7563 336.0 854.8365794950488 0.0 1271.5 1.0 -17.569295787040662 117.18899957429392 15.773118363505345 9.0 4.4 1.182 0.49163415808986816 "" "" 0.7024313612439377 804.8365794950488 0.7034355242093715
7564 336.0 400.7071632472089 0.0 1271.5 1.0 -38.62364832792465 40.07762789388833 12.482381630529426 9.0 4.4 1.182 0.49163415808986816 "" "" 0.5771683499974848 350.7071632472089 0.7034355242093715
7565 336.0 462.2339538391147 0.0 1271.5 1.0 -8.482642836731566 60.53489188113871 9.690209370028882 9.0 4.4 1.182 0.12779106823271988 "" "" 0.5832294719803119 412.2339538391147 0.7034355242093715
7566 336.0 339.32054242830463 0.0 1271.5 1.0 -55.19281208309004 98.70226229394514 27.180270221626948 9.0 4.4 1.182 0.49163415808986816 "" "" 0.3198643244603888 289.32054242830463 0.7034355242093715
7567 336.0 470.8227150661719 0.0 1271.5 1.0 -25.239458959400913 282.6696740298051 19.37292123390986 9.0 4.4 1.182 0.49163415808986816 "" "" 0.16930177244799022 420.8227150661719 0.7034355242093715
7568 336.0 749.8351797049775 0.0 1271.5 1.0 -24.039055814659704 138.3237978049311 13.861201366227785 9.0 4.4 1.182 0.49163415808986816 "" "" 0.29730472489133464 699.8351797049775 0.7034355242093715
7569 336.0 347.9255109661862 0.0 1271.5 1.0 -13.223172335620324 8.670063949339507 87.96795314170535 9.0 4.4 1.182 0.49163415808986816 "" "" 0.18587757507418698 297.9255109661862 0.7034355242093715
7570 336.0 626.8882960252241 0.0 1271.5 1.0 -17.354508224572243 181.74498431984773 15.40165632516938 9.0 4.4 1.182 0.49163415808986816 "" "" 0.10580971218057261 576.8882960252241 0.7034355242093715
7571 336.0 802.8573122271112 0.0 1271.5 1.0 3.7405026265330052 249.64176003879365 22.851861815141884 9.0 4.4 1.182 0.49163415808986816 "" "" 0.49709394922864614 752.8573122271112 0.7034355242093715
7572 336.0 508.6202960530726 0.0 1271.5 1.0 -52.70678905181818 120.31687346141764 12.287772301564553 9.0 4.4 1.182 0.3336194118395014 "" "" 0.6224986134713226 458.6202960530726 0.7034355242093715
