zdm/data/Surveys/MC_CRAFT_ICS_1300.ecsv
# %ECSV 1.0
# ---
# datatype:
# - {name: TNS, datatype: string}
# - {name: BW, datatype: float64}
# - {name: DM, datatype: float64}
# - {name: DMG, datatype: float64}
# - {name: FBAR, datatype: float64}
# - {name: FRES, datatype: float64}
# - {name: Gb, datatype: float64}
# - {name: Gl, datatype: float64}
# - {name: SNR, datatype: float64}
# - {name: SNRTHRESH, datatype: float64}
# - {name: THRESH, datatype: float64}
# - {name: TRES, datatype: float64}
# - {name: WIDTH, datatype: float64}
# - {name: XDec, datatype: string}
# - {name: XRA, datatype: string}
# - {name: Z, datatype: float64}
# - {name: DMEG, datatype: float64}
# - {name: B, datatype: float64}
# meta: {survey_data: '{"observing": {"MAX_IDT": 4096}, "telescope": {"BEAM": "ASKAP_1300", "DIAM": 12.0, "NBEAMS": 36, "NBINS": 5}}'}
# schema: astropy-2.0
TNS BW DM DMG FBAR FRES Gb Gl SNR SNRTHRESH THRESH TRES WIDTH XDec XRA Z DMEG B
[from data line 8551]
8551 336.0 389.08069630976786 0.0 1271.5 1.0 -26.271783986145262 21.15071034248622 15.90884415255154 9.0 4.4 1.182 0.49163415808986816 "" "" 0.4370403207239847 339.08069630976786 0.7034355242093715
8552 336.0 128.57257017092354 0.0 1271.5 1.0 -28.091138059913042 10.47717347679594 49.46824120287327 9.0 4.4 1.182 0.49163415808986816 "" "" 0.08805574080096602 78.57257017092356 0.7034355242093715
8553 336.0 802.9979235434146 0.0 1271.5 1.0 -10.399415437189296 22.898042333060864 13.337941622916372 9.0 4.4 1.182 0.49163415808986816 "" "" 1.0623053304909131 752.9979235434146 0.7034355242093715
8554 336.0 1041.8812183413513 0.0 1271.5 1.0 33.03937729127265 14.422863890112762 14.326408578684678 9.0 4.4 1.182 0.49163415808986816 "" "" 1.0617379701559704 991.8812183413513 0.7034355242093715
8555 336.0 478.0734032663577 0.0 1271.5 1.0 51.9077895845963 81.61538385457779 16.916711613470703 9.0 4.4 1.182 0.3336194118395014 "" "" 0.10284665717236484 428.0734032663577 0.7034355242093715
8556 336.0 1839.7506409485031 0.0 1271.5 1.0 -58.58666180141444 273.67949727212084 35.67581762302968 9.0 4.4 1.182 0.49163415808986816 "" "" 0.14050688213235127 1789.7506409485031 0.7034355242093715
8557 336.0 347.2818879302339 0.0 1271.5 1.0 13.783915149824168 126.84862492794238 67.15294572490895 9.0 4.4 1.182 0.49163415808986816 "" "" 0.4435069610229129 297.2818879302339 0.7034355242093715
8558 336.0 203.45490751577842 0.0 1271.5 1.0 25.969493002382553 116.78139403863199 46.93856766799433 9.0 4.4 1.182 0.49163415808986816 "" "" 0.06534932725602073 153.45490751577842 0.7034355242093715
8559 336.0 914.5357914836513 0.0 1271.5 1.0 67.25474983920898 104.6101938747393 207.0906258914251 9.0 4.4 1.182 0.49163415808986816 "" "" 0.043018539384582014 864.5357914836513 0.7034355242093715
8560 336.0 814.6366088555588 0.0 1271.5 1.0 -30.47267431719388 165.4661911084987 9.97459812057214 9.0 4.4 1.182 0.49163415808986816 "" "" 0.8060684515317361 764.6366088555588 0.7034355242093715
8561 336.0 1051.5289357577203 0.0 1271.5 1.0 -44.030799401324686 279.2091092755431 10.619016334069823 9.0 4.4 1.182 0.0414153550090931 "" "" 0.1717828353614638 1001.5289357577202 0.7034355242093715
8562 336.0 307.9912405781399 0.0 1271.5 1.0 24.68453122084715 26.271951820180636 21.21774874791314 9.0 4.4 1.182 0.49163415808986816 "" "" 0.18537410080329308 257.9912405781399 0.7034355242093715
8563 336.0 925.7492918353353 0.0 1271.5 1.0 -2.092181595428995 208.73922796894732 10.358885294277963 9.0 4.4 1.182 0.49163415808986816 "" "" 0.40956334428726016 875.7492918353353 0.7034355242093715
8564 336.0 282.2125438513702 0.0 1271.5 1.0 50.342662667395125 114.03476848542384 11.174309617100203 9.0 4.4 1.182 0.49163415808986816 "" "" 0.35864517257202216 232.21254385137019 0.7034355242093715
8565 336.0 278.21670462590384 0.0 1271.5 1.0 4.760504279118163 315.727435984252 26.70538358831139 9.0 4.4 1.182 0.49163415808986816 "" "" 0.3171571463037177 228.21670462590387 0.7034355242093715
8566 336.0 401.34351050777843 0.0 1271.5 1.0 2.7657011132397953 338.9974339321737 11.365793266104479 9.0 4.4 1.182 0.49163415808986816 "" "" 0.19049295207863343 351.34351050777843 0.7034355242093715
8567 336.0 441.22295727257745 0.0 1271.5 1.0 33.40678118109085 6.485877933426876 22.121164684747768 9.0 4.4 1.182 0.49163415808986816 "" "" 0.15149899651224313 391.22295727257745 0.7034355242093715
8568 336.0 671.5833931925151 0.0 1271.5 1.0 68.60740068772978 258.529509045399 9.601136214278467 9.0 4.4 1.182 0.12779106823271988 "" "" 0.4896027718700604 621.5833931925151 0.7034355242093715
8569 336.0 242.9943743079811 0.0 1271.5 1.0 -3.9427236906398067 103.4084916079206 16.706617927960895 9.0 4.4 1.182 0.0414153550090931 "" "" 0.29751547722468613 192.9943743079811 0.7034355242093715
8570 336.0 1199.0202144632472 0.0 1271.5 1.0 50.78164271077813 214.90835503818494 11.978155180584775 9.0 4.4 1.182 0.49163415808986816 "" "" 1.2511815292631336 1149.0202144632472 0.7034355242093715
8571 336.0 235.48708128595732 0.0 1271.5 1.0 59.28575180538643 18.690869126900907 271.15553835997883 9.0 4.4 1.182 0.49163415808986816 "" "" 0.0733946200340673 185.48708128595732 0.7034355242093715
8572 336.0 837.0862420193514 0.0 1271.5 1.0 32.83572199896255 81.90750167262858 9.037222152866942 9.0 4.4 1.182 0.12779106823271988 "" "" 0.853833416738824 787.0862420193514 0.7034355242093715
8573 336.0 261.94323002118904 0.0 1271.5 1.0 15.622701764260338 250.61727184899127 26.11624107219624 9.0 4.4 1.182 0.49163415808986816 "" "" 0.07632065418663694 211.94323002118907 0.7034355242093715
8574 336.0 614.0720099815322 0.0 1271.5 1.0 21.99026404682609 324.5773434823474 18.36513621864152 9.0 4.4 1.182 0.49163415808986816 "" "" 0.6703944847237799 564.0720099815322 0.7034355242093715
8575 336.0 479.3776379254857 0.0 1271.5 1.0 4.544997880283333 167.88852709759476 14.148827150954238 9.0 4.4 1.182 0.49163415808986816 "" "" 0.47894014778523036 429.3776379254857 0.7034355242093715
8576 336.0 717.635148530835 0.0 1271.5 1.0 -4.141648184384554 238.72653907112797 25.29948758553732 9.0 4.4 1.182 0.12779106823271988 "" "" 0.5361796022285228 667.635148530835 0.7034355242093715
8577 336.0 615.6826308342756 0.0 1271.5 1.0 -83.41734564494665 211.06844847629787 22.36570817350472 9.0 4.4 1.182 0.49163415808986816 "" "" 0.43512936261301 565.6826308342756 0.7034355242093715
8578 336.0 402.62856376187295 0.0 1271.5 1.0 5.287749206470112 111.9316738937169 15.40494074573885 9.0 4.4 1.182 0.49163415808986816 "" "" 0.091370427631217 352.62856376187295 0.7034355242093715
8579 336.0 440.7238329202895 0.0 1271.5 1.0 8.801044081080958 351.9168433844211 26.673103456546443 9.0 4.4 1.182 0.3336194118395014 "" "" 0.1290543208063601 390.7238329202895 0.7034355242093715
8580 336.0 555.3857527117232 0.0 1271.5 1.0 25.821791323501714 254.5935560877868 9.686716948185952 9.0 4.4 1.182 0.12779106823271988 "" "" 0.30959577703727026 505.38575271172317 0.7034355242093715
8581 336.0 1267.5681386740173 0.0 1271.5 1.0 -15.93300339315307 114.23603176428071 14.181520448056682 9.0 4.4 1.182 0.12779106823271988 "" "" 1.4085041525725852 1217.5681386740173 0.7034355242093715
8582 336.0 550.4236392928253 0.0 1271.5 1.0 -68.63769509553862 237.90568196500752 9.136043291143997 9.0 4.4 1.182 0.49163415808986816 "" "" 0.4006637369715089 500.4236392928254 0.7034355242093715
8583 336.0 1266.3412843196134 0.0 1271.5 1.0 -5.6864724188358196 210.3693983374006 11.177558841202403 9.0 4.4 1.182 0.49163415808986816 "" "" 0.9300667027618064 1216.3412843196134 0.7034355242093715
8584 336.0 295.0928141730409 0.0 1271.5 1.0 -35.251935855516095 171.9782733199807 12.350385406834478 9.0 4.4 1.182 0.12779106823271988 "" "" 0.27195942945998336 245.0928141730409 0.7034355242093715
8585 336.0 341.1342075859178 0.0 1271.5 1.0 -65.23411636615414 17.803429933711357 9.989597827273705 9.0 4.4 1.182 0.49163415808986816 "" "" 0.3524176016548327 291.1342075859178 0.7034355242093715
8586 336.0 326.3896106934279 0.0 1271.5 1.0 58.4608979433193 106.72893983813631 9.033637040519954 9.0 4.4 1.182 0.49163415808986816 "" "" 0.26703938231446817 276.3896106934279 0.7034355242093715
8587 336.0 312.35918679811533 0.0 1271.5 1.0 -54.41234843376823 44.946367044543564 17.34787820610906 9.0 4.4 1.182 0.3336194118395014 "" "" 0.15568892377854154 262.35918679811533 0.7034355242093715
8588 336.0 351.0979931530212 0.0 1271.5 1.0 -23.354886439699566 231.0968450914969 16.968056346883213 9.0 4.4 1.182 0.49163415808986816 "" "" 0.3129361643895743 301.0979931530212 0.7034355242093715
8589 336.0 290.5849541040195 0.0 1271.5 1.0 6.272384012557284 206.26058150701303 36.26103970990432 9.0 4.4 1.182 0.49163415808986816 "" "" 0.23683486061321513 240.58495410401952 0.7034355242093715
8590 336.0 479.0716199445451 0.0 1271.5 1.0 -15.79733439157814 51.7250234076107 10.515641321325488 9.0 4.4 1.182 0.3336194118395014 "" "" 0.44973663689021043 429.0716199445451 0.7034355242093715
8591 336.0 840.2515043250562 0.0 1271.5 1.0 -19.434094492788372 276.6911891656906 10.273726022800407 9.0 4.4 1.182 0.49163415808986816 "" "" 1.1525205621572252 790.2515043250562 0.7034355242093715
8592 336.0 612.316638048251 0.0 1271.5 1.0 -42.44376762316167 238.90171972013306 10.766008928667222 9.0 4.4 1.182 0.49163415808986816 "" "" 0.7185019500795253 562.316638048251 0.7034355242093715
8593 336.0 394.774495820576 0.0 1271.5 1.0 -72.59624537959085 324.8019621189178 9.569319344829378 9.0 4.4 1.182 0.12779106823271988 "" "" 0.4302417711079337 344.774495820576 0.7034355242093715
8594 336.0 460.049283412817 0.0 1271.5 1.0 37.82446501105074 278.31774432200694 10.054950776267026 9.0 4.4 1.182 0.49163415808986816 "" "" 0.24829867163395786 410.049283412817 0.7034355242093715
8595 336.0 142.8123208488449 0.0 1271.5 1.0 82.01137719097696 217.8444232256849 20.765770460626303 9.0 4.4 1.182 0.3336194118395014 "" "" 0.1078704217728453 92.8123208488449 0.7034355242093715
8596 336.0 470.0461713618173 0.0 1271.5 1.0 -29.80713493563326 143.0421171375527 10.343772664901902 9.0 4.4 1.182 0.3336194118395014 "" "" 0.6047296252155183 420.0461713618173 0.7034355242093715
8597 336.0 1175.9584326192237 0.0 1271.5 1.0 65.27395188478822 93.5940681984634 10.265901233345817 9.0 4.4 1.182 0.49163415808986816 "" "" 0.9496487690808528 1125.9584326192237 0.7034355242093715
8598 336.0 528.2855158312495 0.0 1271.5 1.0 32.24286906196685 101.92736975340458 9.408133096878522 9.0 4.4 1.182 0.12779106823271988 "" "" 0.5031803591944688 478.28551583124954 0.7034355242093715
8599 336.0 1037.9909715533204 0.0 1271.5 1.0 -25.212022305394672 210.2772551493416 12.027382133790425 9.0 4.4 1.182 0.49163415808986816 "" "" 0.5730309570155139 987.9909715533204 0.7034355242093715
8600 336.0 293.4191978446439 0.0 1271.5 1.0 -44.039818172688825 94.59071851167369 23.046201096792558 9.0 4.4 1.182 0.3336194118395014 "" "" 0.3699621500868491 243.41919784464395 0.7034355242093715
8601 336.0 712.2075282415061 0.0 1271.5 1.0 -41.73182536987348 24.893956641562337 14.430563889304997 9.0 4.4 1.182 0.49163415808986816 "" "" 0.8098393686962605 662.2075282415061 0.7034355242093715
8602 336.0 278.2046591882242 0.0 1271.5 1.0 16.59911434421477 132.58319756931735 21.146926426353065 9.0 4.4 1.182 0.12779106823271988 "" "" 0.3782712449537951 228.20465918822418 0.7034355242093715
8603 336.0 546.8531723400856 0.0 1271.5 1.0 -71.02524340439851 177.18022526647079 33.893379153875536 9.0 4.4 1.182 0.12779106823271988 "" "" 0.6339739310048156 496.8531723400856 0.7034355242093715
8604 336.0 572.8857657076458 0.0 1271.5 1.0 17.014097294521385 304.4996915181485 18.775221776840038 9.0 4.4 1.182 0.49163415808986816 "" "" 0.4733149521201375 522.8857657076458 0.7034355242093715
8605 336.0 432.6961921633433 0.0 1271.5 1.0 -10.419123062141008 201.94480945112068 9.321600400893944 9.0 4.4 1.182 0.49163415808986816 "" "" 0.3726080687127871 382.6961921633433 0.7034355242093715
8606 336.0 382.2354008968211 0.0 1271.5 1.0 66.4505986007632 279.48594676875825 18.909103030838708 9.0 4.4 1.182 0.12779106823271988 "" "" 0.5869543352151744 332.2354008968211 0.7034355242093715
8607 336.0 546.4349346746513 0.0 1271.5 1.0 -32.67086226526765 270.7596917814843 34.70898874487585 9.0 4.4 1.182 0.49163415808986816 "" "" 0.17491252189828752 496.43493467465134 0.7034355242093715
8608 336.0 628.3775451782564 0.0 1271.5 1.0 -46.835034970742726 340.655384896581 13.521609548750975 9.0 4.4 1.182 0.3336194118395014 "" "" 0.17692097511411511 578.3775451782564 0.7034355242093715
8609 336.0 143.15200860283068 0.0 1271.5 1.0 -10.634340718014426 92.82800986271414 45.661959125945266 9.0 4.4 1.182 0.49163415808986816 "" "" 0.09887328247896464 93.15200860283068 0.7034355242093715
8610 336.0 914.8480683312685 0.0 1271.5 1.0 -47.66771220665159 80.13944713060361 14.414187038754346 9.0 4.4 1.182 0.49163415808986816 "" "" 0.9464269048301015 864.8480683312685 0.7034355242093715
8611 336.0 245.9282156842423 0.0 1271.5 1.0 31.307167768536846 118.25443695942494 11.70516103855192 9.0 4.4 1.182 0.12779106823271988 "" "" 0.24098952919820366 195.9282156842423 0.7034355242093715
8612 336.0 1392.095048604982 0.0 1271.5 1.0 2.098143747572863 224.2550976336166 13.59422652693185 9.0 4.4 1.182 0.49163415808986816 "" "" 1.7418820401177388 1342.095048604982 0.7034355242093715
8613 336.0 375.2545638757191 0.0 1271.5 1.0 55.7116783664031 270.8956424727514 12.271940271708903 9.0 4.4 1.182 0.49163415808986816 "" "" 0.4434860965818926 325.2545638757191 0.7034355242093715
8614 336.0 687.7456928944613 0.0 1271.5 1.0 38.02814564875575 53.09427893979453 9.729089020508024 9.0 4.4 1.182 0.49163415808986816 "" "" 0.49651585968098355 637.7456928944613 0.7034355242093715
8615 336.0 248.33755124600134 0.0 1271.5 1.0 53.6990438162334 236.39552062613484 15.562109899933493 9.0 4.4 1.182 0.49163415808986816 "" "" 0.3039713246973828 198.33755124600134 0.7034355242093715
8616 336.0 188.78911293688847 0.0 1271.5 1.0 -20.5200264343008 336.5469229948211 14.958791350038222 9.0 4.4 1.182 0.49163415808986816 "" "" 0.17783474107703096 138.78911293688847 0.7034355242093715
8617 336.0 1089.7240932644354 0.0 1271.5 1.0 65.32866781712687 65.05744139221544 9.502928786041641 9.0 4.4 1.182 0.49163415808986816 "" "" 0.6650895136208748 1039.7240932644354 0.7034355242093715
8618 336.0 961.2751172282557 0.0 1271.5 1.0 19.51257688765373 50.655499787450744 23.632922721494957 9.0 4.4 1.182 0.49163415808986816 "" "" 0.6745588662316795 911.2751172282557 0.7034355242093715
8619 336.0 145.22722900178707 0.0 1271.5 1.0 21.430330528674986 290.0986469785585 15.008308513143747 9.0 4.4 1.182 0.49163415808986816 "" "" 0.14299748333203258 95.22722900178705 0.7034355242093715
8620 336.0 930.5562653428826 0.0 1271.5 1.0 -39.29829317293874 234.89824266845204 12.15001682608335 9.0 4.4 1.182 0.49163415808986816 "" "" 0.9428634090944961 880.5562653428826 0.7034355242093715
8621 336.0 467.58529615501675 0.0 1271.5 1.0 39.82120480203187 32.163920346809995 26.899386698325458 9.0 4.4 1.182 0.3336194118395014 "" "" 0.4130500831785162 417.58529615501675 0.7034355242093715
8622 336.0 309.2617985032027 0.0 1271.5 1.0 1.0384228346845763 144.48794741016545 12.940431513952477 9.0 4.4 1.182 0.49163415808986816 "" "" 0.39000472931968494 259.2617985032027 0.7034355242093715
8623 336.0 1143.430680942067 0.0 1271.5 1.0 -35.18718899531502 257.5585478415295 11.979564936824081 9.0 4.4 1.182 0.12779106823271988 "" "" 1.3977483938529043 1093.430680942067 0.7034355242093715
8624 336.0 699.5814320632569 0.0 1271.5 1.0 -26.599575441118986 329.0698944647006 14.213872096871595 9.0 4.4 1.182 0.49163415808986816 "" "" 0.623024297682232 649.5814320632569 0.7034355242093715
8625 336.0 822.0609310615476 0.0 1271.5 1.0 19.369697858902093 138.57369579124392 41.43881852792844 9.0 4.4 1.182 0.49163415808986816 "" "" 0.4221317243546211 772.0609310615476 0.7034355242093715
8626 336.0 388.33778342651067 0.0 1271.5 1.0 -2.7298866059846953 34.08468394507749 13.658119104790279 9.0 4.4 1.182 0.49163415808986816 "" "" 0.48572482549750734 338.33778342651067 0.7034355242093715
8627 336.0 273.12891493430925 0.0 1271.5 1.0 -54.867475214987586 213.51087100643437 9.12386510937676 9.0 4.4 1.182 0.12779106823271988 "" "" 0.24395603769858482 223.12891493430925 0.7034355242093715
8628 336.0 237.35224203173672 0.0 1271.5 1.0 -63.65055949443142 252.07206173622004 9.199865438924801 9.0 4.4 1.182 0.49163415808986816 "" "" 0.28635100978720784 187.35224203173672 0.7034355242093715
8629 336.0 622.351991032273 0.0 1271.5 1.0 -19.08336072848052 286.86713246295193 10.983132277717765 9.0 4.4 1.182 0.12779106823271988 "" "" 0.8095083926445943 572.351991032273 0.7034355242093715
8630 336.0 392.0527122084576 0.0 1271.5 1.0 28.79189801343961 168.963386280955 57.37184833912683 9.0 4.4 1.182 0.49163415808986816 "" "" 0.4183291020629741 342.0527122084576 0.7034355242093715
