zdm/data/Surveys/MC_CRAFT_ICS_1300.ecsv
# %ECSV 1.0
# ---
# datatype:
# - {name: TNS, datatype: string}
# - {name: BW, datatype: float64}
# - {name: DM, datatype: float64}
# - {name: DMG, datatype: float64}
# - {name: FBAR, datatype: float64}
# - {name: FRES, datatype: float64}
# - {name: Gb, datatype: float64}
# - {name: Gl, datatype: float64}
# - {name: SNR, datatype: float64}
# - {name: SNRTHRESH, datatype: float64}
# - {name: THRESH, datatype: float64}
# - {name: TRES, datatype: float64}
# - {name: WIDTH, datatype: float64}
# - {name: XDec, datatype: string}
# - {name: XRA, datatype: string}
# - {name: Z, datatype: float64}
# - {name: DMEG, datatype: float64}
# - {name: B, datatype: float64}
# meta: {survey_data: '{"observing": {"MAX_IDT": 4096}, "telescope": {"BEAM": "ASKAP_1300", "DIAM": 12.0, "NBEAMS": 36, "NBINS": 5}}'}
# schema: astropy-2.0
TNS BW DM DMG FBAR FRES Gb Gl SNR SNRTHRESH THRESH TRES WIDTH XDec XRA Z DMEG B
[from data line 7131]
7131 336.0 1648.3955411884735 1183.131645778542 1271.5 1.0 2.688167699780859 29.43758043021985 6.133363484519103 9.0 4.4 1.182 2.0 "" "" 0.19730357865327217 415.2638954099317 0.7034355242093715
7132 336.0 2082.052651212588 1472.6781062342814 1271.5 1.0 12.729678588941848 14.655231997337385 1.0289382853590254 9.0 4.4 1.182 2.0 "" "" 0.3712190440604215 559.3745449783069 0.7034355242093715
7133 336.0 1179.0490157531506 169.88074800509963 1271.5 1.0 -61.455188973112804 229.11229633045778 2.0430723894543767 9.0 4.4 1.182 2.0 "" "" 0.3903473598250541 959.168267748051 0.7034355242093715
7134 336.0 1139.660520887888 415.99748747377276 1271.5 1.0 28.692854826187254 272.01291197963894 1.14946967372563 9.0 4.4 1.182 2.0 "" "" 0.7326152590349865 673.6630334141151 0.7034355242093715
7135 336.0 2046.1338278909689 204.76717311176196 1271.5 1.0 -42.39878279572507 119.73226545195743 1.236595488712515 9.0 4.4 1.182 2.0 "" "" 0.7107500836969438 1791.3666547792068 0.7034355242093715
7136 336.0 698.4563580126651 467.30308956997766 1271.5 1.0 -58.331423762745686 266.46475216507326 2.0733000123546916 9.0 4.4 1.182 3.0 "" "" 0.1496131922610751 181.15326844268742 0.7034355242093715
7137 336.0 992.2370901976678 173.7019308906559 1271.5 1.0 22.81659311750615 129.61116338347085 2.0756481390063244 9.0 4.4 1.182 2.0 "" "" 0.9060580461389705 768.5351593070119 0.7034355242093715
7138 336.0 945.2605657158392 384.3218039979065 1271.5 1.0 65.96612406626228 275.86592895610147 1.1533712861446734 9.0 4.4 1.182 2.0 "" "" 0.5447197167313558 510.9387617179327 0.7034355242093715
7139 336.0 1005.5844232100119 292.1730366238316 1271.5 1.0 -38.50276171530619 88.85972435349981 1.0871065286220154 9.0 4.4 1.182 2.0 "" "" 0.5934617100769354 663.4113865861802 0.7034355242093715
7140 336.0 1010.6145266067936 322.7442071292102 1271.5 1.0 1.7352361915196945 249.42459818880943 1.0419986596635429 9.0 4.4 1.182 2.0 "" "" 0.14301889661614872 637.8703194775833 0.7034355242093715
7141 336.0 771.9475114764975 397.6064844629148 1271.5 1.0 -33.383407740851744 260.7394349432392 1.1674694094246612 9.0 4.4 1.182 1.0 "" "" 0.33847510503111017 324.34102701358273 0.7034355242093715
7142 336.0 520.756994683373 157.05958401820675 1271.5 1.0 53.546860467900096 196.6906160832944 1.0049426114812094 9.0 4.4 1.182 2.0 "" "" 0.25905331124859354 313.6974106651663 0.7034355242093715
7143 336.0 815.1386394520264 491.4710730981812 1271.5 1.0 58.668536526339 56.72801421118556 1.4446511403398352 9.0 4.4 1.182 2.0 "" "" 0.34700287189325707 273.66756635384525 0.7034355242093715
7144 336.0 987.3816479588648 726.0049500145757 1271.5 1.0 22.342994491249456 315.02304527010324 2.0629321763596824 9.0 4.4 1.182 2.0 "" "" 0.0938132996031205 211.37669794428916 0.7034355242093715
7145 336.0 507.07393405544065 212.00012270968924 1271.5 1.0 -0.40389120962391356 116.65656686080763 1.2751695127756288 9.0 4.4 1.182 3.0 "" "" 0.1696016712175484 245.07381134575138 0.7034355242093715
7146 336.0 1382.6484160323778 1083.4796217420978 1271.5 1.0 -54.09123037626557 24.056657379805273 2.16648550669299 9.0 4.4 1.182 1.0 "" "" 0.23777421326238748 249.16879429028003 0.7034355242093715
7147 336.0 743.0580345918936 364.6956223444947 1271.5 1.0 -13.799097960616736 254.54330597263157 1.9210143409196019 9.0 4.4 1.182 2.0 "" "" 0.32153430227426766 328.3624122473988 0.7034355242093715
7148 336.0 812.9028225459567 157.15964525254415 1271.5 1.0 -19.250936498355394 186.62427921993145 1.1065913518302253 9.0 4.4 1.182 1.0 "" "" 0.17643254937223712 605.7431772934126 0.7034355242093715
7149 336.0 1672.678934496034 1453.0234309954517 1271.5 1.0 -8.482254318847223 12.005879902867637 1.7065524258323217 9.0 4.4 1.182 3.0 "" "" 0.16597106862751093 169.65550350058214 0.7034355242093715
7150 336.0 1090.3985953937772 395.69678685515896 1271.5 1.0 23.0237217486281 80.10122203104632 2.5097376924275605 9.0 4.4 1.182 2.0 "" "" 0.3992835045893808 644.7018085386183 0.7034355242093715
7151 336.0 1663.625009909152 1301.2777139468028 1271.5 1.0 -26.859187739873757 354.4728181993035 1.3483850197893754 9.0 4.4 1.182 3.0 "" "" 0.25656420558496923 312.34729596234905 0.7034355242093715
7152 336.0 934.5366896174849 415.6497490920287 1271.5 1.0 49.065543693897084 269.81699665082544 1.9745558979295188 9.0 4.4 1.182 2.0 "" "" 0.2656143343908858 468.88694052545617 0.7034355242093715
7153 336.0 763.7915140358461 157.39431179196555 1271.5 1.0 -8.068150687370252 192.12223673322714 2.270233356355808 9.0 4.4 1.182 2.0 "" "" 0.2851888082141005 556.3972022438807 0.7034355242093715
7154 336.0 1064.150915639575 158.22121955646725 1271.5 1.0 -70.01777841965254 207.91201187696666 1.1711417048302608 9.0 4.4 1.182 3.0 "" "" 0.6183740398056897 855.9296960831077 0.7034355242093715
7155 336.0 1223.4162790120104 488.35175991017013 1271.5 1.0 -39.86536698763773 264.8324899191861 1.7660161995362407 9.0 4.4 1.182 2.0 "" "" 0.5899613904884184 685.0645191018403 0.7034355242093715
7156 336.0 705.9178410872094 157.63065904226403 1271.5 1.0 35.33357957077632 178.17309263766973 1.223092030731309 9.0 4.4 1.182 2.0 "" "" 0.33177021694060765 498.28718204494527 0.7034355242093715
7157 336.0 1237.7130766790451 161.85184485029262 1271.5 1.0 -10.639864129780392 217.05729940032842 1.3820706742574442 9.0 4.4 1.182 3.0 "" "" 0.79878556571135 1025.8612318287526 0.7034355242093715
7158 336.0 764.8072681904662 178.53619003227487 1271.5 1.0 -14.470334156363846 233.27951487514687 1.1210495674926684 9.0 4.4 1.182 2.0 "" "" 0.31574187718560437 536.2710781581912 0.7034355242093715
7159 336.0 1737.3152021835992 1053.5215062807968 1271.5 1.0 -67.01422795032568 22.59922705313646 2.6300605775970585 9.0 4.4 1.182 2.0 "" "" 0.28050397305053504 633.7936959028025 0.7034355242093715
7160 336.0 1795.982335268552 1474.0516564368472 1271.5 1.0 -8.194651159563579 13.373223028136678 1.5308728267928595 9.0 4.4 1.182 2.0 "" "" 0.12675247901289102 271.93067883170477 0.7034355242093715
7161 336.0 532.2499349059657 204.68150146967716 1271.5 1.0 -45.55546175724146 119.69916510336934 2.843243742286977 9.0 4.4 1.182 1.0 "" "" 0.3422499460417666 277.5684334362885 0.7034355242093715
7162 336.0 1319.2820113537439 434.440758908251 1271.5 1.0 23.776074966666066 288.3833845459299 1.194272115130046 9.0 4.4 1.182 2.0 "" "" 0.8391770389843434 834.8412524454928 0.7034355242093715
7163 336.0 448.2356389475076 156.53935674681446 1271.5 1.0 49.29193724294441 187.52731847472253 1.212989256180723 9.0 4.4 1.182 2.0 "" "" 0.31120678535891866 241.69628220069316 0.7034355242093715
7164 336.0 626.0491580841526 202.43492917064916 1271.5 1.0 48.41094622896319 120.66060342951182 4.3738401630610175 9.0 4.4 1.182 1.0 "" "" 0.1003125009092122 373.6142289135035 0.7034355242093715
7165 336.0 767.4431071661709 165.31081087918577 1271.5 1.0 -64.79658838632635 225.31236113684 1.6340221413848683 9.0 4.4 1.182 2.0 "" "" 0.11284241698863769 552.1322962869851 0.7034355242093715
7166 336.0 1087.0635375182967 159.32037315898737 1271.5 1.0 66.4812705720303 188.74536718799556 6.868914874999601 9.0 4.4 1.182 2.0 "" "" 0.26604060273295327 877.7431643593093 0.7034355242093715
7167 336.0 697.1466831030748 403.28271616311304 1271.5 1.0 46.27632359658998 259.9327352054107 1.1127467938151105 9.0 4.4 1.182 1.0 "" "" 0.15089002244739752 243.86396693996176 0.7034355242093715
7168 336.0 1209.0839364235107 567.5449782146013 1271.5 1.0 4.8279903747872694 51.97347950224798 1.753943568837664 9.0 4.4 1.182 2.0 "" "" 0.27843571604139933 591.5389582089095 0.7034355242093715
7169 336.0 1059.368761898993 778.1214415726098 1271.5 1.0 -36.50968279393448 40.147431478545634 2.4595074239951322 9.0 4.4 1.182 2.0 "" "" 0.13972878829573382 231.24732032638315 0.7034355242093715
7170 336.0 2862.930292893744 160.1066862924783 1271.5 1.0 69.005604019139 158.65517671484497 2.2507315726332924 9.0 4.4 1.182 3.0 "" "" 0.09553118871417474 2652.823606601266 0.7034355242093715
7171 336.0 998.899053474803 355.0220826637899 1271.5 1.0 36.139382596331814 75.03309516580934 2.1740001049220923 9.0 4.4 1.182 2.0 "" "" 0.20364467290216048 593.8769708110132 0.7034355242093715
7172 336.0 1711.6627142056955 1476.7323060981223 1271.5 1.0 0.6489128031038491 12.596045456719214 1.9834394756919758 9.0 4.4 1.182 4.0 "" "" 0.08890193162809136 184.93040810757307 0.7034355242093715
7173 336.0 753.1314421836145 304.4816531764118 1271.5 1.0 22.06694503779923 85.88287640870229 1.7398847723467907 9.0 4.4 1.182 2.0 "" "" 0.2766466830778134 398.6497890072027 0.7034355242093715
7174 336.0 1553.8526601142098 1351.7362233359047 1271.5 1.0 26.356119368908764 12.56910809232318 1.9120188039958306 9.0 4.4 1.182 1.0 "" "" 0.11468134333582841 152.11643677830511 0.7034355242093715
7175 336.0 824.3072642202789 388.27271429451923 1271.5 1.0 -5.679056033923888 278.34598495223673 1.4344609238713164 9.0 4.4 1.182 1.0 "" "" 0.3952246947969382 386.0345499257596 0.7034355242093715
7176 336.0 1745.7399621872446 989.6926141618587 1271.5 1.0 63.3402980979923 25.164735631981117 1.0071468764127574 9.0 4.4 1.182 1.0 "" "" 0.1360462257015035 706.0473480253858 0.7034355242093715
7177 336.0 468.82947199989616 166.4858251348686 1271.5 1.0 -16.9625179353592 149.84335800110765 1.137348054918126 9.0 4.4 1.182 1.0 "" "" 0.28686013553407447 252.34364686502755 0.7034355242093715
7178 336.0 1576.9812610366953 1299.1940288133126 1271.5 1.0 -26.708676486913006 2.3858147977256072 2.5121867903991624 9.0 4.4 1.182 2.0 "" "" 0.1045476831370965 227.7872322233828 0.7034355242093715
7179 336.0 1303.9870225155594 887.0285757904603 1271.5 1.0 -33.35074089755805 35.06829843803784 2.362438298648653 9.0 4.4 1.182 3.0 "" "" 0.19464312211823717 366.9584467250991 0.7034355242093715
7180 336.0 672.2943987854874 242.20827265359395 1271.5 1.0 -11.420623590906427 104.30910022642678 3.975832806464158 9.0 4.4 1.182 2.0 "" "" 0.06546468875058566 380.0861261318935 0.7034355242093715
7181 336.0 674.9211260747202 481.47420877688535 1271.5 1.0 44.12557730570588 295.2186483460741 5.049386831865767 9.0 4.4 1.182 2.0 "" "" 0.09273316924832549 143.4469172978349 0.7034355242093715
7182 336.0 588.6170364669777 156.7636182385987 1271.5 1.0 -56.11781342104977 193.61816210109242 1.1845821397798335 9.0 4.4 1.182 2.0 "" "" 0.22521213821365177 381.8534182283789 0.7034355242093715
7183 336.0 395.4412888031312 162.3004186015032 1271.5 1.0 -28.76215127786873 218.90200038036116 6.421371788294453 9.0 4.4 1.182 2.0 "" "" 0.10783403224505439 183.14087020162805 0.7034355242093715
7184 336.0 1182.8743580409791 541.0716420358556 1271.5 1.0 66.09352137591841 51.07578014026937 1.0270644470110726 9.0 4.4 1.182 2.0 "" "" 0.52168759581629 591.8027160051234 0.7034355242093715
7185 336.0 658.571574135412 176.6696236223738 1271.5 1.0 9.849924932796405 127.92312675031037 1.5749527983259444 9.0 4.4 1.182 3.0 "" "" 0.21510391864517464 431.90195051303823 0.7034355242093715
7186 336.0 1631.4451267834595 239.2068751894971 1271.5 1.0 54.200786087961134 108.95558038165693 1.8619696792068858 9.0 4.4 1.182 1.0 "" "" 0.42108038764278866 1342.2382515939623 0.7034355242093715
7187 336.0 1179.4288974185429 490.72270517353445 1271.5 1.0 -45.59890929509961 261.7072185073903 2.948537076026664 9.0 4.4 1.182 2.0 "" "" 0.41224637916750495 638.7061922450085 0.7034355242093715
7188 336.0 901.1668887761293 350.7652373361808 1271.5 1.0 -28.613137353530913 76.05710339453587 1.3641764502594744 9.0 4.4 1.182 2.0 "" "" 0.4335294640650219 500.4016514399486 0.7034355242093715
7189 336.0 446.09315053074636 159.691371965574 1271.5 1.0 43.07355284773234 161.47616358302784 3.3313706530382756 9.0 4.4 1.182 1.0 "" "" 0.2590024295813504 236.40177856517232 0.7034355242093715
7190 336.0 758.2736381379005 202.9081792441248 1271.5 1.0 -56.95714265169175 243.13415198286378 1.6656483029212485 9.0 4.4 1.182 2.0 "" "" 0.357801205795474 505.3654588937758 0.7034355242093715
7191 336.0 621.1026358958658 158.35104818833864 1271.5 1.0 66.62048959523186 207.8323109061992 1.026215321511406 9.0 4.4 1.182 2.0 "" "" 0.4223118690321633 412.75158770752716 0.7034355242093715
7192 336.0 1611.987895881409 1223.7248472531362 1271.5 1.0 -5.7127899575692895 332.10067485067776 1.4394434657944168 9.0 4.4 1.182 2.0 "" "" 0.363753749491027 338.2630486282729 0.7034355242093715
7193 336.0 495.391233704095 159.80535964979686 1271.5 1.0 62.88446892076608 214.05306723791594 2.0718578826947054 9.0 4.4 1.182 2.0 "" "" 0.175272850561003 285.58587405429813 0.7034355242093715
7194 336.0 668.4524972068539 157.13841033541027 1271.5 1.0 -27.942327175527524 190.88461622511858 1.5226260704265078 9.0 4.4 1.182 2.0 "" "" 0.292497834089694 461.31408687144364 0.7034355242093715
7195 336.0 890.1054859010405 603.9790825762456 1271.5 1.0 -34.98278273776805 307.73313136926447 1.3754209954192518 9.0 4.4 1.182 1.0 "" "" 0.20192290875889496 236.126403324795 0.7034355242093715
7196 336.0 768.246859244658 159.2935410914746 1271.5 1.0 25.81159701276964 207.84839787394478 2.314679476972956 9.0 4.4 1.182 2.0 "" "" 0.1329583384717194 558.9533181531834 0.10352769518154452
7197 336.0 529.9467968532543 177.45017939494923 1271.5 1.0 29.73942712165601 137.6595275255772 8.333882568136604 9.0 4.4 1.182 2.0 "" "" 0.07507643933200489 302.4966174583051 0.7034355242093715
7198 336.0 704.9941519212239 378.6008345989579 1271.5 1.0 13.533090420678136 256.8815298156097 3.439771908515971 9.0 4.4 1.182 1.0 "" "" 0.21484600896316916 276.39331732226594 0.7034355242093715
7199 336.0 612.0750103889561 390.66548650366616 1271.5 1.0 -40.254668695534804 279.66557225337124 1.7140685637809066 9.0 4.4 1.182 2.0 "" "" 0.17347223307086357 171.4095238852899 0.7034355242093715
7200 336.0 426.80602287199054 191.48348258817649 1271.5 1.0 13.916995513044833 114.99519854944525 4.616954971823917 9.0 4.4 1.182 2.0 "" "" 0.0814801917403388 185.32254028381408 0.7034355242093715
7201 336.0 892.7397496145207 187.8593079666066 1271.5 1.0 -53.85509512363148 237.8965392069188 1.9992105709095427 9.0 4.4 1.182 1.0 "" "" 0.11852470080085069 654.8804416479142 0.7034355242093715
7202 336.0 1632.2905897120822 759.5597130056827 1271.5 1.0 -14.804962611325852 43.175110006596945 1.282848982271226 9.0 4.4 1.182 1.0 "" "" 0.8704829813832288 822.7308767063996 0.7034355242093715
7203 336.0 2149.8839724487507 1243.405546334002 1271.5 1.0 -18.529225118156702 332.92001443858925 1.204551374108977 9.0 4.4 1.182 2.0 "" "" 0.41164854979064824 856.4784261147483 0.7034355242093715
7204 336.0 1567.8624492024956 1192.6436154911862 1271.5 1.0 29.350140829061704 5.377690426911337 4.507562149819154 9.0 4.4 1.182 2.0 "" "" 0.12301885946473715 325.21883371130946 0.7034355242093715
7205 336.0 347.93383882385604 178.6256201497538 1271.5 1.0 85.51001781458213 129.71170289261786 1.0366371087290727 9.0 4.4 1.182 2.0 "" "" 0.15722070096034138 119.30821867410226 0.7034355242093715
7206 336.0 1119.476843243434 430.34205367338194 1271.5 1.0 65.2074951026911 262.9017998846698 2.3259075757227254 9.0 4.4 1.182 2.0 "" "" 0.17121453359280148 639.1347895700519 0.7034355242093715
7207 336.0 623.8950536199138 182.94503511441206 1271.5 1.0 -50.53128009654713 235.82185283433367 1.3610599410787578 9.0 4.4 1.182 2.0 "" "" 0.24541782451012156 390.9500185055018 0.7034355242093715
7208 336.0 1024.1577738871142 832.4840130068146 1271.5 1.0 -60.097970307968446 32.78688673129851 2.1651988129926925 9.0 4.4 1.182 2.0 "" "" 0.12591844406720976 141.67376088029945 0.7034355242093715
7209 336.0 622.4266173668777 159.80688885110945 1271.5 1.0 -32.51015665763479 210.6461452704797 1.051820088047662 9.0 4.4 1.182 2.0 "" "" 0.3700059769429846 412.6197285157683 0.7034355242093715
7210 336.0 1013.8385595311966 156.75292185473776 1271.5 1.0 -45.999066497649764 187.0831702748643 1.1188890597910741 9.0 4.4 1.182 2.0 "" "" 0.22046013393018998 807.0856376764588 0.7034355242093715
