zdm/data/Surveys/MC_CRAFT_ICS_1300.ecsv
# %ECSV 1.0
# ---
# datatype:
# - {name: TNS, datatype: string}
# - {name: BW, datatype: float64}
# - {name: DM, datatype: float64}
# - {name: DMG, datatype: float64}
# - {name: FBAR, datatype: float64}
# - {name: FRES, datatype: float64}
# - {name: Gb, datatype: float64}
# - {name: Gl, datatype: float64}
# - {name: SNR, datatype: float64}
# - {name: SNRTHRESH, datatype: float64}
# - {name: THRESH, datatype: float64}
# - {name: TRES, datatype: float64}
# - {name: WIDTH, datatype: float64}
# - {name: XDec, datatype: string}
# - {name: XRA, datatype: string}
# - {name: Z, datatype: float64}
# - {name: DMEG, datatype: float64}
# - {name: B, datatype: float64}
# meta: {survey_data: '{"observing": {"MAX_IDT": 4096}, "telescope": {"BEAM": "ASKAP_1300", "DIAM": 12.0, "NBEAMS": 36, "NBINS": 5}}'}
# schema: astropy-2.0
TNS BW DM DMG FBAR FRES Gb Gl SNR SNRTHRESH THRESH TRES WIDTH XDec XRA Z DMEG B
0 336.0 517.9582619793176 46.49416392036708 1271.5 1.0 33.59312398538217 136.67659495397868 2.1490947845832857 9.0 4.4 1.182 2.0 "" "" 0.206694796400281 421.4640980589505 0.7034355242093715
1 336.0 320.2067252104929 39.36348549150145 1271.5 1.0 46.99719442896478 289.13583025468574 6.292699725908651 9.0 4.4 1.182 2.0 "" "" 0.06599848781811765 230.84323971899144 0.7034355242093715
2 336.0 562.1618471215784 45.61913472836708 1271.5 1.0 36.3425791739633 160.60482799933808 1.0520914282817349 9.0 4.4 1.182 1.0 "" "" 0.3933286938256547 466.5427123932113 0.7034355242093715
3 336.0 573.56327649036 121.50471436147768 1271.5 1.0 15.284534393064028 295.2589131350622 2.9206440684541475 9.0 4.4 1.182 2.0 "" "" 0.14923264154786325 402.0585621288823 0.7034355242093715
4 336.0 608.0901960079673 114.75137511776424 1271.5 1.0 15.695944546172846 288.34906676034893 3.7914778204705435 9.0 4.4 1.182 3.0 "" "" 0.1646833142218453 443.338820890203 0.7034355242093715
5 336.0 349.97582836292867 113.49125971209304 1271.5 1.0 -18.648967786846374 358.5662756448499 1.6872268054693929 9.0 4.4 1.182 3.0 "" "" 0.1732250417391596 186.48456865083563 0.7034355242093715
6 336.0 696.9185433183069 43.53464429069835 1271.5 1.0 -43.106360708915176 299.48785704561874 2.0174408126879686 9.0 4.4 1.182 2.0 "" "" 0.40856765166985526 603.3838990276085 0.7034355242093715
7 336.0 357.0785200034616 67.02142440124463 1271.5 1.0 -21.12615491533601 107.62077050990284 2.1479350196913427 9.0 4.4 1.182 2.0 "" "" 0.22710935479094002 240.057095602217 0.7034355242093715
8 336.0 546.8824212947164 34.459431334455 1271.5 1.0 50.72340315613283 99.2615241207825 9.606247036989052 9.0 4.4 1.182 1.0 "" "" 0.10356434456772079 462.4229899602614 0.7034355242093715
9 336.0 862.4162989233438 178.42154877446742 1271.5 1.0 10.445403497224177 296.19962058108024 1.6792081603415807 9.0 4.4 1.182 2.0 "" "" 0.6759890998646592 633.9947501488764 0.7034355242093715
10 336.0 290.77522785535734 37.644354012674185 1271.5 1.0 50.69229565117052 267.29574368292555 3.359143837173128 9.0 4.4 1.182 3.0 "" "" 0.17367552408955922 203.13087384268317 0.7034355242093715
11 336.0 282.28409375076774 23.340723466154618 1271.5 1.0 71.91318663231041 4.933378601209366 1.4357446806714587 9.0 4.4 1.182 2.0 "" "" 0.28202572666882897 208.94337028461314 0.7034355242093715
12 336.0 232.70484262292547 31.444009217870857 1271.5 1.0 -70.02827145836805 74.67312359099643 2.659371436003829 9.0 4.4 1.182 1.0 "" "" 0.20326959316409748 151.26083340505463 0.7034355242093715
13 336.0 404.76574075455414 44.28935142287021 1271.5 1.0 34.094075089153336 101.69215790466056 1.303306425539476 9.0 4.4 1.182 2.0 "" "" 0.2881807814262311 310.47638933168395 0.7034355242093715
14 336.0 358.7575554662519 59.53443666255834 1271.5 1.0 27.740174042681407 258.732305042282 2.24737322395235 9.0 4.4 1.182 2.0 "" "" 0.09816984735041777 249.22311880369358 0.7034355242093715
15 336.0 552.981477968424 82.67454564372585 1271.5 1.0 23.053563718736378 343.10005436232376 4.274617242522193 9.0 4.4 1.182 1.0 "" "" 0.2714817765402197 420.30693232469815 0.7034355242093715
16 336.0 604.8532048951804 342.9548826707569 1271.5 1.0 -1.030893358513827 76.35927522154104 1.2130852169856443 9.0 4.4 1.182 2.0 "" "" 0.14666668733455654 211.89832222442354 0.7034355242093715
17 336.0 422.7017601967238 97.27846132561054 1271.5 1.0 20.03123311523913 3.4222314771719464 1.3740730705612143 9.0 4.4 1.182 3.0 "" "" 0.08314414371359907 275.4232988711133 0.7034355242093715
18 336.0 1440.6348672739866 29.832100978870393 1271.5 1.0 75.58624912819893 188.24901036984932 1.6135969912418433 9.0 4.4 1.182 2.0 "" "" 0.4602941245258221 1360.8027662951163 0.7034355242093715
19 336.0 165.60351246811177 58.49906272419994 1271.5 1.0 26.24392509842801 224.432782469539 46.68810154534553 9.0 4.4 1.182 2.0 "" "" 0.032578467097216325 57.104449743911836 0.7034355242093715
20 336.0 268.31390311277806 45.55667832093333 1271.5 1.0 -34.09229818212851 220.73723393898788 4.251747203853881 9.0 4.4 1.182 3.0 "" "" 0.24380866818777025 172.75722479184475 0.7034355242093715
21 336.0 781.0350149721592 125.12768097425483 1271.5 1.0 9.647578094720773 122.9066072595352 1.299844125216584 9.0 4.4 1.182 2.0 "" "" 0.4170976410961549 605.9073339979043 0.7034355242093715
22 336.0 313.1264073672742 41.81147558546365 1271.5 1.0 -42.92206656392608 164.4131275016546 1.7752697951899412 9.0 4.4 1.182 2.0 "" "" 0.1415444895675011 221.3149317818106 0.7034355242093715
23 336.0 715.6321522340276 22.637635912495735 1271.5 1.0 70.49786304482717 45.98276276469293 1.0869953064585725 9.0 4.4 1.182 2.0 "" "" 0.424046660424769 642.9945163215318 0.7034355242093715
24 336.0 617.3152802098352 73.91213623348318 1271.5 1.0 -23.37848114348975 280.74034622900353 2.709595834384088 9.0 4.4 1.182 2.0 "" "" 0.3984445372822205 493.4031439763521 0.7034355242093715
25 336.0 842.4600116263555 37.41843291072082 1271.5 1.0 -48.91320001075941 149.77216265983452 1.2697602476947458 9.0 4.4 1.182 2.0 "" "" 0.5515378868180952 755.0415787156346 0.7034355242093715
26 336.0 426.73076719517655 80.40740368530034 1271.5 1.0 -23.92555463601946 312.01158736676956 7.488930470568577 9.0 4.4 1.182 1.0 "" "" 0.2490858271516264 296.32336350987623 0.7034355242093715
27 336.0 337.68570249343094 48.70884294918389 1271.5 1.0 29.886310043356833 94.75062652491953 1.4124519353675538 9.0 4.4 1.182 2.0 "" "" 0.19356742306296104 238.97685954424705 0.7034355242093715
28 336.0 438.23861119739047 194.31054267058514 1271.5 1.0 -11.427614417078424 349.57140746499203 3.4820430458978566 9.0 4.4 1.182 2.0 "" "" 0.08310794510702657 193.92806852680536 0.7034355242093715
29 336.0 521.8506308702765 35.42835399045595 1271.5 1.0 -50.57316557117221 123.27244744434236 3.2795457487497655 9.0 4.4 1.182 3.0 "" "" 0.18098818745894077 436.4222768798206 0.7034355242093715
30 336.0 931.2438111473843 57.13100035630779 1271.5 1.0 29.037477108800367 180.73316597936895 1.6101981006309574 9.0 4.4 1.182 2.0 "" "" 0.24987027377347396 824.1128107910765 0.7034355242093715
31 336.0 430.9390791673118 63.112704566724325 1271.5 1.0 30.075578994214123 312.24247889665304 1.0412208847894375 9.0 4.4 1.182 2.0 "" "" 0.12630504282077173 317.8263746005874 0.7034355242093715
32 336.0 692.6712562174238 37.20485956033101 1271.5 1.0 49.04290533545766 158.4146123615473 1.133327799417749 9.0 4.4 1.182 2.0 "" "" 0.5894085785415789 605.4663966570928 0.7034355242093715
33 336.0 261.026842132407 150.88094329458374 1271.5 1.0 -6.809679566848581 122.97511670967889 25.886757057876995 9.0 4.4 1.182 2.0 "" "" 0.011402848088454764 60.145898837823275 0.10352769518154452
34 336.0 405.67060382021464 134.18521517502023 1271.5 1.0 6.433092745730708 191.02236468995258 1.5454310523325847 9.0 4.4 1.182 1.0 "" "" 0.18216384608164288 221.48538864519438 0.7034355242093715
35 336.0 469.6878076158705 193.44427891810636 1271.5 1.0 -8.943278767553402 274.7356548249361 1.880987243703052 9.0 4.4 1.182 1.0 "" "" 0.10778010104216575 226.24352869776416 0.7034355242093715
36 336.0 994.3943068798397 65.87588361802128 1271.5 1.0 -28.8756797815652 311.21043742138744 1.0779093742854233 9.0 4.4 1.182 2.0 "" "" 1.0027490156195435 878.5184232618185 0.7034355242093715
37 336.0 252.15729681168813 51.272624967676464 1271.5 1.0 30.335424200328795 138.65711994021507 4.959134594131317 9.0 4.4 1.182 1.0 "" "" 0.14732369763500552 150.88467184401165 0.7034355242093715
38 336.0 487.2169359343012 74.20162464748563 1271.5 1.0 19.49930930689573 208.84242150166352 1.0531993935622386 9.0 4.4 1.182 3.0 "" "" 0.44496804212990304 363.0153112868156 0.7034355242093715
39 336.0 714.1577144029507 45.12297967634852 1271.5 1.0 -33.58436061965516 100.62499030013883 1.1783069693930832 9.0 4.4 1.182 1.0 "" "" 0.3187101185134177 619.0347347266021 0.7034355242093715
40 336.0 510.35937567565236 198.6269124935834 1271.5 1.0 -10.349175490384031 250.11358602264878 1.0708078264224907 9.0 4.4 1.182 2.0 "" "" 0.2221027584322148 261.73246318206895 0.7034355242093715
41 336.0 380.3696351161027 44.980551342335616 1271.5 1.0 33.19101596542088 82.22746269822993 1.6847264904420054 9.0 4.4 1.182 2.0 "" "" 0.12026437901092102 285.3890837737671 0.7034355242093715
42 336.0 320.1195854787824 76.75222672912446 1271.5 1.0 24.84047669602094 305.75073730609876 1.2889895011541845 9.0 4.4 1.182 0.0 "" "" 0.15618483390072938 193.36735874965797 0.7034355242093715
43 336.0 330.4521496708351 39.83084165661443 1271.5 1.0 -44.42932621295247 269.98501745203737 2.5000346582977486 9.0 4.4 1.182 2.0 "" "" 0.14922878373371862 240.6213080142207 0.7034355242093715
44 336.0 412.08463573441895 48.29680166862437 1271.5 1.0 -40.89562500805697 332.54430876295095 1.5683509550303263 9.0 4.4 1.182 2.0 "" "" 0.18296786569777862 313.7878340657946 0.7034355242093715
45 336.0 1406.185486238481 946.5951727816021 1271.5 1.0 1.5485405988682002 355.77759636906194 1.1899845578600317 9.0 4.4 1.182 1.0 "" "" 0.30301565095959476 409.59031345687896 0.7034355242093715
46 336.0 1079.2655882926078 318.3616228067766 1271.5 1.0 -3.640094020243463 252.28455455652883 1.600069457489129 9.0 4.4 1.182 1.0 "" "" 0.6116943197282186 710.9039654858313 0.7034355242093715
47 336.0 489.0587996615311 157.42919671436292 1271.5 1.0 -1.0949367914091293 171.839178204919 2.4374214970284713 9.0 4.4 1.182 2.0 "" "" 0.19785701808595935 281.6296029471682 0.7034355242093715
48 336.0 501.74245770718846 32.84698503591324 1271.5 1.0 60.04827417326226 148.86785615506025 1.2800920412632801 9.0 4.4 1.182 1.0 "" "" 0.3224223657305861 418.89547267127523 0.7034355242093715
49 336.0 371.633064894619 130.90836361383836 1271.5 1.0 8.218387842337139 137.26122520630554 11.671715980146057 9.0 4.4 1.182 2.0 "" "" 0.057685656568622644 190.72470128078066 0.7034355242093715
50 336.0 211.68797169997123 33.92069114066811 1271.5 1.0 -53.991868994724186 110.92564026520816 11.172449578588086 9.0 4.4 1.182 2.0 "" "" 0.1686714098311269 127.76728055930312 0.7034355242093715
51 336.0 1256.9260608016152 47.115597620119075 1271.5 1.0 31.346035762890892 78.77992685657792 1.0689802269221433 9.0 4.4 1.182 2.0 "" "" 0.2713107236921404 1159.810463181496 0.7034355242093715
52 336.0 266.8013094630513 35.14080541298242 1271.5 1.0 49.32191988738496 112.9516674438099 2.0866413858988313 9.0 4.4 1.182 3.0 "" "" 0.07491205979366561 181.66050405006894 0.10352769518154452
53 336.0 534.68830670738 34.817029746744105 1271.5 1.0 49.728764430475856 90.12507617985509 1.0832913126921033 9.0 4.4 1.182 2.0 "" "" 0.3366388254671318 449.87127696063595 0.7034355242093715
54 336.0 468.89118679292085 50.10564263978001 1271.5 1.0 -35.64573313566546 40.39865067477193 1.0242081872561497 9.0 4.4 1.182 1.0 "" "" 0.24007473691508435 368.78554415314085 0.7034355242093715
55 336.0 496.71001771628323 174.95416336111563 1271.5 1.0 11.510249723097935 28.67108009140125 1.1970635409454131 9.0 4.4 1.182 2.0 "" "" 0.23833238378221605 271.7558543551676 0.7034355242093715
56 336.0 316.83766282790793 44.06341328405455 1271.5 1.0 -36.291756487977885 125.66267499394839 4.617916637777937 9.0 4.4 1.182 3.0 "" "" 0.19642378483531842 222.77424954385341 0.7034355242093715
57 336.0 538.2538905749293 86.03360294590598 1271.5 1.0 20.649468590053246 283.38331124144673 3.917071070693406 9.0 4.4 1.182 2.0 "" "" 0.1301323734689482 402.22028762902335 0.7034355242093715
58 336.0 295.7075137934622 95.49829639207505 1271.5 1.0 15.447829564523515 60.37216488817782 3.4224455911223166 9.0 4.4 1.182 1.0 "" "" 0.14426511186747026 150.20921740138715 0.7034355242093715
59 336.0 366.154598858516 85.31121284353712 1271.5 1.0 -23.091864072213784 320.8040635291091 1.564602228695652 9.0 4.4 1.182 1.0 "" "" 0.2138376034828285 230.84338601497888 0.7034355242093715
60 336.0 425.91282462364387 34.43318506873199 1271.5 1.0 -62.163087546214285 35.623382685217116 2.814168006962514 9.0 4.4 1.182 2.0 "" "" 0.38237948829036733 341.4796395549119 0.7034355242093715
61 336.0 472.06386897217004 29.59635099847421 1271.5 1.0 73.3427390420544 284.0616079702658 1.1734145495615496 9.0 4.4 1.182 1.0 "" "" 0.2579078877678982 392.4675179736958 0.7034355242093715
62 336.0 351.2605146856546 74.18231193087394 1271.5 1.0 18.39941420752572 91.77370574877833 1.6795336929659928 9.0 4.4 1.182 2.0 "" "" 0.2853952701980741 227.07820275478062 0.7034355242093715
63 336.0 673.5317876645803 31.29164818475439 1271.5 1.0 64.79987647008502 89.80237976737597 1.8576113124382256 9.0 4.4 1.182 2.0 "" "" 0.15619044707104823 592.2401394798259 0.7034355242093715
64 336.0 416.12048541054435 28.911819118944656 1271.5 1.0 81.4086255786086 220.1536111772882 1.4678839010027067 9.0 4.4 1.182 2.0 "" "" 0.23587964355273933 337.2086662915997 0.7034355242093715
65 336.0 381.49403026851695 36.5092109105437 1271.5 1.0 -47.859103621614516 74.16317742748355 13.153726862753132 9.0 4.4 1.182 2.0 "" "" 0.07484734453305011 294.98481935797327 0.7034355242093715
66 336.0 316.2859182236213 29.765383310563617 1271.5 1.0 -82.34045549979056 138.08557142744905 1.6369704019044844 9.0 4.4 1.182 3.0 "" "" 0.23059294461460023 236.5205349130577 0.7034355242093715
67 336.0 537.2593509500146 84.35453398108088 1271.5 1.0 15.709492644379079 223.5840554838369 1.582003637985012 9.0 4.4 1.182 3.0 "" "" 0.5001470680336189 402.9048169689337 0.7034355242093715
68 336.0 407.45245657881435 30.332923230738903 1271.5 1.0 -76.04326095473505 145.64422315102493 1.4509595056429825 9.0 4.4 1.182 2.0 "" "" 0.14541917096850318 327.11953334807544 0.7034355242093715
69 336.0 930.2466107313911 153.0640284113464 1271.5 1.0 3.0426148797836294 162.8561910435141 2.1913104490345234 9.0 4.4 1.182 1.0 "" "" 0.31955943436390827 727.1825823200447 0.7034355242093715
70 336.0 505.16205039085054 121.94537954465052 1271.5 1.0 -15.768513125150028 31.140272083290547 8.119927332467855 9.0 4.4 1.182 2.0 "" "" 0.18992553619092972 333.21667084620003 0.7034355242093715
71 336.0 771.9698661554842 41.59381582690367 1271.5 1.0 45.42259731212153 305.8806910399953 1.5955161855403037 9.0 4.4 1.182 2.0 "" "" 0.3607150462408356 680.3760503285805 0.7034355242093715
72 336.0 442.0040382022751 63.387854240249844 1271.5 1.0 -24.442330049683665 158.72193981760302 4.0232361230667495 9.0 4.4 1.182 1.0 "" "" 0.19398656766159306 328.6161839620253 0.7034355242093715
73 336.0 296.68495334875496 106.27886674998335 1271.5 1.0 11.340116203126843 201.94122283372684 11.525400021087128 9.0 4.4 1.182 2.0 "" "" 0.09958350367740809 140.40608659877162 0.7034355242093715
74 336.0 587.8256050030907 169.38672230569478 1271.5 1.0 -1.7211445704430635 143.73179445132854 2.319932304116563 9.0 4.4 1.182 2.0 "" "" 0.27539576595998416 368.4388826973959 0.7034355242093715
75 336.0 225.31306500339707 77.0224025615843 1271.5 1.0 24.830053858089155 324.10039660656014 2.1342010441310877 9.0 4.4 1.182 2.0 "" "" 0.1020343529896489 98.29066244181276 0.10352769518154452
76 336.0 295.06971369907916 46.2635890970797 1271.5 1.0 31.820038236792364 86.23125718353232 2.3854992954451153 9.0 4.4 1.182 2.0 "" "" 0.13333723021581606 198.80612460199944 0.7034355242093715
77 336.0 490.8022760274208 49.60426160622569 1271.5 1.0 37.12201452992793 284.16316178571446 1.4445477629276047 9.0 4.4 1.182 1.0 "" "" 0.13291004225566252 391.1980144211951 0.7034355242093715
78 336.0 339.857543938047 32.850143642369154 1271.5 1.0 -58.203186954701344 109.60005609402445 1.1465167927579791 9.0 4.4 1.182 2.0 "" "" 0.1705061489274393 257.0074002956778 0.7034355242093715
79 336.0 447.9553942678711 31.882921486135146 1271.5 1.0 -61.785766684785365 255.31743280063935 1.498625299036244 9.0 4.4 1.182 2.0 "" "" 0.15420138827467583 366.07247278173594 0.7034355242093715
80 336.0 338.829316818306 31.775184575925408 1271.5 1.0 -61.31600551077918 223.1206112686129 28.104444764126626 9.0 4.4 1.182 1.0 "" "" 0.11003246397664308 257.0541322423806 0.7034355242093715
81 336.0 360.622120650477 31.692873597629088 1271.5 1.0 -61.6404045328621 227.31717312113557 1.2255107072470537 9.0 4.4 1.182 2.0 "" "" 0.21589510269100265 278.92924705284787 0.7034355242093715
