zdm/data/Surveys/MC_CRAFT_ICS_1300.ecsv
# %ECSV 1.0
# ---
# datatype:
# - {name: TNS, datatype: string}
# - {name: BW, datatype: float64}
# - {name: DM, datatype: float64}
# - {name: DMG, datatype: float64}
# - {name: FBAR, datatype: float64}
# - {name: FRES, datatype: float64}
# - {name: Gb, datatype: float64}
# - {name: Gl, datatype: float64}
# - {name: SNR, datatype: float64}
# - {name: SNRTHRESH, datatype: float64}
# - {name: THRESH, datatype: float64}
# - {name: TRES, datatype: float64}
# - {name: WIDTH, datatype: float64}
# - {name: XDec, datatype: string}
# - {name: XRA, datatype: string}
# - {name: Z, datatype: float64}
# - {name: DMEG, datatype: float64}
# - {name: B, datatype: float64}
# meta: {survey_data: '{"observing": {"MAX_IDT": 4096}, "telescope": {"BEAM": "ASKAP_1300", "DIAM": 12.0, "NBEAMS": 36, "NBINS": 5}}'}
# schema: astropy-2.0
TNS BW DM DMG FBAR FRES Gb Gl SNR SNRTHRESH THRESH TRES WIDTH XDec XRA Z DMEG B
[from data line 1064]
1064 336.0 509.01732657581044 0.0 1271.5 1.0 -83.60614158205814 128.78917968887944 12.623522734245798 9.0 4.4 1.182 0.3336194118395014 "" "" 0.5238432458658269 459.01732657581044 0.7034355242093715
1065 336.0 513.5053425517672 0.0 1271.5 1.0 -29.751078358972173 242.381962949693 95.19543434588556 9.0 4.4 1.182 0.49163415808986816 "" "" 0.05326847694205879 463.5053425517671 0.7034355242093715
1066 336.0 317.3618235113143 0.0 1271.5 1.0 48.54937554997654 64.46060640986771 9.267435674246197 9.0 4.4 1.182 0.49163415808986816 "" "" 0.33415698253916265 267.3618235113143 0.7034355242093715
1067 336.0 248.24689307451015 0.0 1271.5 1.0 -19.98078026368338 291.9893924459305 34.717231601044105 9.0 4.4 1.182 0.3336194118395014 "" "" 0.18299631279984002 198.24689307451015 0.7034355242093715
1068 336.0 1797.1832843116633 0.0 1271.5 1.0 -10.317224370841588 127.51221018378041 13.66863133462144 9.0 4.4 1.182 0.3336194118395014 "" "" 0.44999021979265774 1747.1832843116633 0.7034355242093715
1069 336.0 327.1227410842483 0.0 1271.5 1.0 -0.25889331978868396 189.46181648260975 14.565453077583088 9.0 4.4 1.182 0.49163415808986816 "" "" 0.3933435021389582 277.1227410842483 0.7034355242093715
1070 336.0 1497.0890770018916 0.0 1271.5 1.0 -26.36743502346501 144.62948295146575 9.507503596289892 9.0 4.4 1.182 0.49163415808986816 "" "" 0.4736395872105866 1447.0890770018916 0.7034355242093715
1071 336.0 473.7056203871625 0.0 1271.5 1.0 -46.43767617862398 71.01868371335468 20.328294381145064 9.0 4.4 1.182 0.3336194118395014 "" "" 0.1327326320865425 423.7056203871625 0.7034355242093715
1072 336.0 960.8237522509028 0.0 1271.5 1.0 -49.66113825245459 23.666258975928585 28.30359759595385 9.0 4.4 1.182 0.49163415808986816 "" "" 0.7105998786338973 910.8237522509028 0.7034355242093715
1073 336.0 821.8716399034092 0.0 1271.5 1.0 -33.52468502235311 46.234940874707995 21.364881410621088 9.0 4.4 1.182 0.49163415808986816 "" "" 0.5508131705259836 771.8716399034092 0.7034355242093715
1074 336.0 346.2582106820492 0.0 1271.5 1.0 -18.984476665969176 336.73441676262684 31.513426320592497 9.0 4.4 1.182 0.12779106823271988 "" "" 0.204845921319841 296.2582106820492 0.7034355242093715
1075 336.0 297.8620876896522 0.0 1271.5 1.0 15.825838781764963 151.9565812904404 9.758860743526443 9.0 4.4 1.182 0.49163415808986816 "" "" 0.41063919967157264 247.86208768965218 0.7034355242093715
1076 336.0 880.6943608671371 0.0 1271.5 1.0 -12.541072611632945 21.804839094133932 14.832926998448462 9.0 4.4 1.182 0.12779106823271988 "" "" 1.012190124828661 830.6943608671371 0.7034355242093715
1077 336.0 271.78728420722086 0.0 1271.5 1.0 53.655007011777734 215.77462953789558 10.878254298138954 9.0 4.4 1.182 0.49163415808986816 "" "" 0.24543137195547587 221.78728420722084 0.7034355242093715
1078 336.0 392.6990757408891 0.0 1271.5 1.0 68.82207895806107 232.94876960931887 20.217709090895745 9.0 4.4 1.182 0.49163415808986816 "" "" 0.33989423009220116 342.6990757408891 0.7034355242093715
1079 336.0 871.620313290611 0.0 1271.5 1.0 -35.91502857121481 219.51580072142983 29.066861723922962 9.0 4.4 1.182 0.49163415808986816 "" "" 0.17226457369164758 821.620313290611 0.7034355242093715
1080 336.0 1039.8583442862134 0.0 1271.5 1.0 -17.28743027215157 16.88109239799897 9.257477131014545 9.0 4.4 1.182 0.49163415808986816 "" "" 1.1265462702625155 989.8583442862134 0.7034355242093715
1081 336.0 969.5727373127145 0.0 1271.5 1.0 35.36268397744697 30.428846514876536 14.374099691392859 9.0 4.4 1.182 0.49163415808986816 "" "" 0.42581513224065276 919.5727373127145 0.7034355242093715
1082 336.0 554.4785913063316 0.0 1271.5 1.0 -46.49663664103076 243.98520271202423 11.208205605981991 9.0 4.4 1.182 0.3336194118395014 "" "" 0.47546191770048674 504.4785913063316 0.7034355242093715
1083 336.0 615.9221663218082 0.0 1271.5 1.0 -41.68156669106744 8.685631213495174 26.92205698871097 9.0 4.4 1.182 0.005540006828817463 "" "" 0.27308009004234063 565.9221663218082 0.7034355242093715
1084 336.0 274.9968048577771 0.0 1271.5 1.0 -77.54549284923169 86.05458091688416 18.212120906092515 9.0 4.4 1.182 0.3336194118395014 "" "" 0.37250730770355805 224.99680485777708 0.7034355242093715
1085 336.0 489.22930599781967 0.0 1271.5 1.0 -17.82199658383499 73.71024432134986 24.178426409423714 9.0 4.4 1.182 0.49163415808986816 "" "" 0.43550830279552316 439.22930599781967 0.7034355242093715
1086 336.0 1341.6620677571905 0.0 1271.5 1.0 3.308313518771308 201.29727364847233 9.284491016903022 9.0 4.4 1.182 0.3336194118395014 "" "" 1.4727539506505474 1291.6620677571905 0.7034355242093715
1087 336.0 527.6086468331447 0.0 1271.5 1.0 54.68828828013218 291.3950113953707 13.832119976129206 9.0 4.4 1.182 0.12779106823271988 "" "" 0.41020436183960113 477.6086468331447 0.7034355242093715
1088 336.0 701.4563338403867 0.0 1271.5 1.0 4.13138434588566 237.59672159706378 9.581783172350496 9.0 4.4 1.182 0.49163415808986816 "" "" 0.5685542265092128 651.4563338403867 0.7034355242093715
1089 336.0 464.9693629741346 0.0 1271.5 1.0 66.2046806605463 40.07328642541856 23.0620743525775 9.0 4.4 1.182 0.3336194118395014 "" "" 0.31799293373201903 414.9693629741346 0.7034355242093715
1090 336.0 115.76077882396012 0.0 1271.5 1.0 -71.83116016958964 48.40819344379633 14.815912608081293 9.0 4.4 1.182 0.3336194118395014 "" "" 0.0653199527547558 65.76077882396012 0.7034355242093715
1091 336.0 273.8532428387675 0.0 1271.5 1.0 -9.365727050350195 355.0639688482608 19.246211975181826 9.0 4.4 1.182 0.3336194118395014 "" "" 0.21662204948064243 223.8532428387675 0.7034355242093715
1092 336.0 622.0933486645622 0.0 1271.5 1.0 -50.32892648119191 138.81753672225386 32.366143716596255 9.0 4.4 1.182 0.49163415808986816 "" "" 0.38546873623509736 572.0933486645622 0.7034355242093715
1093 336.0 647.3873940150773 0.0 1271.5 1.0 18.20684992598168 250.8452083023374 12.986355376158855 9.0 4.4 1.182 0.49163415808986816 "" "" 0.46350666175951133 597.3873940150773 0.7034355242093715
1094 336.0 1265.4426730360651 0.0 1271.5 1.0 23.9096345159174 52.65625263943733 20.70648095423997 9.0 4.4 1.182 0.49163415808986816 "" "" 0.0914764582563919 1215.4426730360651 0.7034355242093715
1095 336.0 305.8692508174066 0.0 1271.5 1.0 -13.96156685190445 297.24656335684375 10.330710136961857 9.0 4.4 1.182 0.49163415808986816 "" "" 0.2545709600058398 255.86925081740662 0.7034355242093715
1096 336.0 372.1320123557412 0.0 1271.5 1.0 32.77397800416818 237.6698238282495 10.550896828181207 9.0 4.4 1.182 0.49163415808986816 "" "" 0.1994043338732246 322.1320123557412 0.7034355242093715
1097 336.0 576.9347226196005 0.0 1271.5 1.0 13.268124320268978 81.83432100401623 11.301685749048527 9.0 4.4 1.182 0.49163415808986816 "" "" 0.5086766707075387 526.9347226196005 0.7034355242093715
1098 336.0 836.9255297071095 0.0 1271.5 1.0 22.57844384750605 103.84159349284498 32.75948723497217 9.0 4.4 1.182 0.12779106823271988 "" "" 0.8828773981160154 786.9255297071095 0.7034355242093715
1099 336.0 458.21747473221274 0.0 1271.5 1.0 -65.8276111508037 107.55700744822691 11.949884242978722 9.0 4.4 1.182 0.3336194118395014 "" "" 0.5689062934012192 408.21747473221274 0.7034355242093715
1100 336.0 337.99560435657327 0.0 1271.5 1.0 50.62993994734953 158.80130061560345 13.045501127422941 9.0 4.4 1.182 0.3336194118395014 "" "" 0.17409560021804218 287.99560435657327 0.7034355242093715
1101 336.0 560.1695800689417 0.0 1271.5 1.0 9.763966318480598 130.83125860249913 35.50506569828476 9.0 4.4 1.182 0.12779106823271988 "" "" 0.07337861330201687 510.1695800689418 0.7034355242093715
1102 336.0 155.48417347863062 0.0 1271.5 1.0 -19.142601640369048 232.8263615389025 34.26541321479599 9.0 4.4 1.182 0.3336194118395014 "" "" 0.0918271931177317 105.48417347863062 0.7034355242093715
1103 336.0 839.6316176682096 0.0 1271.5 1.0 -43.52085815836568 331.82640428610165 12.109472360915898 9.0 4.4 1.182 0.49163415808986816 "" "" 1.0269855251476707 789.6316176682096 0.7034355242093715
1104 336.0 242.59064455776112 0.0 1271.5 1.0 -46.77297897376559 284.6146646414282 10.379989699648439 9.0 4.4 1.182 0.49163415808986816 "" "" 0.1769425699545331 192.59064455776112 0.7034355242093715
1105 336.0 568.347616125614 0.0 1271.5 1.0 41.54651819217775 230.88911126855282 79.12863595839352 9.0 4.4 1.182 0.12779106823271988 "" "" 0.184069697314297 518.347616125614 0.7034355242093715
1106 336.0 663.929678148724 0.0 1271.5 1.0 -24.552324582912245 354.53631533421714 33.187818968814305 9.0 4.4 1.182 0.12779106823271988 "" "" 0.43867252807420953 613.929678148724 0.7034355242093715
1107 336.0 300.8705038752927 0.0 1271.5 1.0 -14.358994016018322 145.04309624435018 12.605195543276636 9.0 4.4 1.182 0.12779106823271988 "" "" 0.3593070902851784 250.87050387529268 0.7034355242093715
1108 336.0 207.69423171128548 0.0 1271.5 1.0 -10.495979802611217 252.78266362036825 10.614314874038751 9.0 4.4 1.182 0.12779106823271988 "" "" 0.17775524594148168 157.69423171128548 0.7034355242093715
1109 336.0 423.4745929471337 0.0 1271.5 1.0 2.5494805549859163 276.1172217676826 17.84363227423144 9.0 4.4 1.182 0.49163415808986816 "" "" 0.4596713102360095 373.4745929471337 0.7034355242093715
1110 336.0 518.6297722448195 0.0 1271.5 1.0 -15.051321858874621 161.12627396716948 10.306740523351802 9.0 4.4 1.182 0.12779106823271988 "" "" 0.22371957792183664 468.6297722448195 0.7034355242093715
1111 336.0 202.03190525028182 0.0 1271.5 1.0 48.1090367682431 288.4655272265765 11.38157589611606 9.0 4.4 1.182 0.3336194118395014 "" "" 0.10374711567080461 152.03190525028182 0.7034355242093715
1112 336.0 460.9210172257527 0.0 1271.5 1.0 -9.223413608809246 106.46157245384825 9.063956168734318 9.0 4.4 1.182 0.49163415808986816 "" "" 0.429694867583545 410.9210172257527 0.7034355242093715
1113 336.0 549.271550834326 0.0 1271.5 1.0 65.90131364513223 293.66698608759 9.15736337570647 9.0 4.4 1.182 0.3336194118395014 "" "" 0.4914115319710438 499.27155083432604 0.7034355242093715
1114 336.0 503.05514130843835 0.0 1271.5 1.0 7.950093129988198 108.82524042863562 28.332068521348468 9.0 4.4 1.182 0.12779106823271988 "" "" 0.25036316360064614 453.05514130843835 0.7034355242093715
1115 336.0 882.476145492748 0.0 1271.5 1.0 43.44215930541249 146.0943430993817 9.340966233312155 9.0 4.4 1.182 0.12779106823271988 "" "" 0.4142719684138797 832.476145492748 0.7034355242093715
1116 336.0 104.72967671927614 0.0 1271.5 1.0 37.362694768989364 356.05523370015123 15.527756811258978 9.0 4.4 1.182 0.49163415808986816 "" "" 0.09549669435287764 54.72967671927614 0.7034355242093715
1117 336.0 356.8186705716261 0.0 1271.5 1.0 23.428767106286372 153.43865472107703 26.471986656454987 9.0 4.4 1.182 0.49163415808986816 "" "" 0.2021121839294319 306.8186705716261 0.7034355242093715
1118 336.0 382.42728178154664 0.0 1271.5 1.0 -13.279433758690885 319.9695845166906 19.901725532061064 9.0 4.4 1.182 0.49163415808986816 "" "" 0.3354320645076226 332.42728178154664 0.7034355242093715
1119 336.0 442.9272317539147 0.0 1271.5 1.0 55.718020655200874 37.47231725251946 9.368046343255912 9.0 4.4 1.182 0.12779106823271988 "" "" 0.2425663399088229 392.9272317539147 0.7034355242093715
1120 336.0 227.16178216133136 0.0 1271.5 1.0 36.7967911829632 321.9951944548791 12.350623184340956 9.0 4.4 1.182 0.49163415808986816 "" "" 0.21439793332946222 177.16178216133136 0.7034355242093715
1121 336.0 600.1481564353815 0.0 1271.5 1.0 17.31943758734501 268.5328717299744 119.66018270153064 9.0 4.4 1.182 0.12779106823271988 "" "" 0.043069931648251215 550.1481564353815 0.7034355242093715
1122 336.0 845.2671361108387 0.0 1271.5 1.0 11.445861655918645 159.17096815392142 10.806203378722524 9.0 4.4 1.182 0.3336194118395014 "" "" 0.9992013708748626 795.2671361108387 0.7034355242093715
1123 336.0 315.2147021475331 0.0 1271.5 1.0 57.99720854498661 72.92253677379868 33.17823105521771 9.0 4.4 1.182 0.12779106823271988 "" "" 0.2676819986835365 265.2147021475331 0.7034355242093715
1124 336.0 344.9861040045564 0.0 1271.5 1.0 -26.01661266306278 100.4236974118869 11.223173698054689 9.0 4.4 1.182 0.49163415808986816 "" "" 0.4727622180955221 294.9861040045564 0.7034355242093715
1125 336.0 1267.0723987397334 0.0 1271.5 1.0 40.45823733380307 32.69252001052391 10.921798307484032 9.0 4.4 1.182 0.49163415808986816 "" "" 0.42736035510128284 1217.0723987397334 0.7034355242093715
1126 336.0 584.1707566095705 0.0 1271.5 1.0 26.799134911855262 164.9724671291525 9.121238896628547 9.0 4.4 1.182 0.49163415808986816 "" "" 0.37649860820342007 534.1707566095705 0.7034355242093715
1127 336.0 672.2388927660708 0.0 1271.5 1.0 -20.236412882071782 26.910241576889685 14.548188569423132 9.0 4.4 1.182 0.12779106823271988 "" "" 0.21565788400429847 622.2388927660708 0.7034355242093715
1128 336.0 646.6091052039834 0.0 1271.5 1.0 -38.36849335289912 284.0496705000861 11.33627336374242 9.0 4.4 1.182 0.49163415808986816 "" "" 0.5853755524913533 596.6091052039834 0.7034355242093715
1129 336.0 572.4061060211792 0.0 1271.5 1.0 -32.596684724144595 89.2398382352304 12.792295690959321 9.0 4.4 1.182 0.3336194118395014 "" "" 0.3086694572973683 522.4061060211792 0.7034355242093715
1130 336.0 312.6165644881787 0.0 1271.5 1.0 -39.41843719501509 49.67880512045977 21.185464346214737 9.0 4.4 1.182 0.3336194118395014 "" "" 0.3341464208033368 262.6165644881787 0.7034355242093715
1131 336.0 574.3305497866818 0.0 1271.5 1.0 -61.8384528218089 81.74066915850237 9.462460827512853 9.0 4.4 1.182 0.49163415808986816 "" "" 0.7645545381356025 524.3305497866818 0.7034355242093715
1132 336.0 276.2600860678558 0.0 1271.5 1.0 -30.61599695099802 182.59168160168235 49.39212370642548 9.0 4.4 1.182 0.49163415808986816 "" "" 0.04738260468821751 226.2600860678558 0.7034355242093715
1133 336.0 2397.79516232594 0.0 1271.5 1.0 32.529716273906494 168.0490705742076 11.33703384087671 9.0 4.4 1.182 0.3336194118395014 "" "" 0.42238635799389807 2347.79516232594 0.7034355242093715
1134 336.0 513.6451652449614 0.0 1271.5 1.0 15.323571420289175 185.97195529717774 15.981768201207734 9.0 4.4 1.182 0.49163415808986816 "" "" 0.27075760118731357 463.64516524496133 0.7034355242093715
1135 336.0 355.95135049819066 0.0 1271.5 1.0 20.90921594703491 252.7671325478444 38.57941027748362 9.0 4.4 1.182 0.49163415808986816 "" "" 0.4306968715156235 305.95135049819066 0.7034355242093715
1136 336.0 228.91217872876697 0.0 1271.5 1.0 38.26640933115621 229.90656077178792 40.37506981527828 9.0 4.4 1.182 0.49163415808986816 "" "" 0.13753856516426238 178.91217872876697 0.7034355242093715
1137 336.0 1353.5733457237295 0.0 1271.5 1.0 1.9788483320823056 314.5331358124674 17.947302491951948 9.0 4.4 1.182 0.49163415808986816 "" "" 0.4311505682849689 1303.5733457237295 0.7034355242093715
1138 336.0 830.14994170512 0.0 1271.5 1.0 73.84932966404395 233.0774329356799 16.94945828604337 9.0 4.4 1.182 0.49163415808986816 "" "" 0.37017829945861025 780.14994170512 0.7034355242093715
1139 336.0 542.853570817741 0.0 1271.5 1.0 11.24142942095501 257.7044135822889 14.480576659438276 9.0 4.4 1.182 0.49163415808986816 "" "" 0.43031679957240243 492.85357081774106 0.7034355242093715
1140 336.0 1273.7039456075772 0.0 1271.5 1.0 25.49266874834502 250.70602709732395 11.749677197703875 9.0 4.4 1.182 0.49163415808986816 "" "" 1.4453396208693037 1223.7039456075772 0.7034355242093715
1141 336.0 626.8469438349548 0.0 1271.5 1.0 -30.4036374965216 195.94184793809276 12.722681096954798 9.0 4.4 1.182 0.49163415808986816 "" "" 0.5534137928651803 576.8469438349548 0.7034355242093715
1142 336.0 196.47613113988962 0.0 1271.5 1.0 -25.83273661603125 133.89839466027922 17.924582289357126 9.0 4.4 1.182 0.12779106823271988 "" "" 0.2176511723576664 146.47613113988962 0.7034355242093715
1143 336.0 254.54766426732368 0.0 1271.5 1.0 0.08110314669376878 122.96464022892036 30.6191726605134 9.0 4.4 1.182 0.3336194118395014 "" "" 0.38992958998852256 204.54766426732368 0.7034355242093715
