zdm/data/Surveys/MC_CRAFT_ICS_1300_2.ecsv
# %ECSV 1.0
# ---
# datatype:
# - {name: TNS, datatype: string}
# - {name: BW, datatype: float64}
# - {name: DM, datatype: float64}
# - {name: DMG, datatype: float64}
# - {name: FBAR, datatype: float64}
# - {name: FRES, datatype: float64}
# - {name: Gb, datatype: float64}
# - {name: Gl, datatype: float64}
# - {name: SNR, datatype: float64}
# - {name: SNRTHRESH, datatype: float64}
# - {name: THRESH, datatype: float64}
# - {name: TRES, datatype: float64}
# - {name: WIDTH, datatype: float64}
# - {name: XDec, datatype: string}
# - {name: XRA, datatype: string}
# - {name: Z, datatype: float64}
# - {name: DMEG, datatype: float64}
# - {name: B, datatype: float64}
# meta: {survey_data: '{"observing": {"MAX_IDT": 4096}, "telescope": {"BEAM": "ASKAP_1300", "DIAM": 12.0, "NBEAMS": 36, "NBINS": 5}}'}
# schema: astropy-2.0
TNS BW DM DMG FBAR FRES Gb Gl SNR SNRTHRESH THRESH TRES WIDTH XDec XRA Z DMEG B
[from data line 8029]
8029 336.0 724.7383035844332 117.18720254373959 1271.5 1.0 -10.727599302947766 245.76137537300153 1.2224555036061637 9.0 4.4 1.182 2.0 "" "" 0.2567739636701555 557.5511010406937 0.7323538448242547
8030 336.0 577.4230882112226 39.860831671109686 1271.5 1.0 -43.88387741264663 258.04332415931685 1.098735094992897 9.0 4.4 1.182 2.0 "" "" 0.48094334535163324 487.5622565401129 0.7323538448242547
8031 336.0 766.9314550150392 44.75359923291271 1271.5 1.0 -45.69282936901086 2.0035092023530554 2.75072411211263 9.0 4.4 1.182 2.0 "" "" 0.7226574116378974 672.1778557821265 0.7323538448242547
8032 336.0 1138.1552761367507 54.80956911265364 1271.5 1.0 -30.16058234706801 49.68045320797164 1.3069026020397336 9.0 4.4 1.182 2.0 "" "" 0.10819315267875096 1033.345707024097 0.7323538448242547
8033 336.0 1146.5072608954858 50.29420544980538 1271.5 1.0 -30.78732677341405 248.1647784165612 2.127219424507971 9.0 4.4 1.182 2.0 "" "" 0.11693200938286087 1046.2130554456805 0.7323538448242547
8034 336.0 1007.3720948583278 567.5591068647467 1271.5 1.0 0.03360790448768287 303.78509492236606 1.5545338164951825 9.0 4.4 1.182 1.0 "" "" 0.23325976516721286 389.81298799358115 0.7323538448242547
8035 336.0 1567.164550238657 31.210835018769345 1271.5 1.0 -63.882028211337456 234.6622204808087 1.1449637631685778 9.0 4.4 1.182 3.0 "" "" 0.25774594624848446 1485.9537152198877 0.7323538448242547
8036 336.0 757.6996744408651 45.58253815734129 1271.5 1.0 38.24075930524767 254.61093152753176 1.4313982301361832 9.0 4.4 1.182 1.0 "" "" 0.1985055815325079 662.1171362835238 0.7323538448242547
8037 336.0 456.32078407792017 40.86881248242749 1271.5 1.0 -42.711963466756735 267.9651115177274 10.319858943767585 9.0 4.4 1.182 3.0 "" "" 0.040560779447373435 365.4519715954927 0.7323538448242547
8038 336.0 1424.9877064426528 228.6300313417986 1271.5 1.0 6.409353727490734 277.4309752658279 1.14292927170356 9.0 4.4 1.182 2.0 "" "" 0.49549081269629963 1146.357675100854 0.7323538448242547
8039 336.0 580.0580769643803 33.62475374851029 1271.5 1.0 54.18061692964246 82.56193915796419 1.7339974053272902 9.0 4.4 1.182 1.0 "" "" 0.3488929247368644 496.43332321587 0.7323538448242547
8040 336.0 681.2389350781042 85.86907360478665 1271.5 1.0 -15.80781379419402 195.54116207475502 1.2125299776751794 9.0 4.4 1.182 2.0 "" "" 0.40056957240448227 545.3698614733175 0.7323538448242547
8041 336.0 527.5532445238625 54.74700253787555 1271.5 1.0 -34.09988512736614 304.0808655680369 1.4144318620992389 9.0 4.4 1.182 3.0 "" "" 0.3339921458911705 422.80624198598696 0.7323538448242547
8042 336.0 674.7623683663344 42.631196118848464 1271.5 1.0 44.06040656353261 292.33802720020174 1.353482636181698 9.0 4.4 1.182 1.0 "" "" 0.4666918440101918 582.1311722474859 0.7323538448242547
8043 336.0 268.9884621029679 34.33514560369471 1271.5 1.0 56.99889850917549 305.9745480702581 1.8249130518028869 9.0 4.4 1.182 2.0 "" "" 0.09414585401892706 184.65331649927322 0.7323538448242547
8044 336.0 626.1897410887269 76.10361261087532 1271.5 1.0 18.642577531433496 129.29332487356575 1.4582300076200763 9.0 4.4 1.182 2.0 "" "" 0.28680584842112555 500.08612847785156 0.7323538448242547
8045 336.0 586.2941869193669 83.69512895229539 1271.5 1.0 -17.90788904955221 58.50590343935427 1.8981701648694913 9.0 4.4 1.182 2.0 "" "" 0.16274247366184727 452.59905796707153 0.7323538448242547
8046 336.0 478.91688529031853 138.67020418969554 1271.5 1.0 5.855921040533279 163.00990757414775 1.0325564592567087 9.0 4.4 1.182 2.0 "" "" 0.23251726924841162 290.246681100623 0.7323538448242547
8047 336.0 821.320728281838 25.707333552437632 1271.5 1.0 77.98728648265347 61.603227903773586 1.0295605160959582 9.0 4.4 1.182 2.0 "" "" 0.5047799718565962 745.6133947294004 0.7323538448242547
8048 336.0 560.1634369760438 40.94400386596643 1271.5 1.0 46.28285684632723 307.77944324213246 1.4565665441765316 9.0 4.4 1.182 1.0 "" "" 0.16683211429752534 469.21943311007743 0.7323538448242547
8049 336.0 405.97910472731763 82.19837799738093 1271.5 1.0 -23.39888788712918 311.37180043461177 2.4405015346880563 9.0 4.4 1.182 2.0 "" "" 0.2307790684377925 273.7807267299367 0.7323538448242547
8050 336.0 690.0115567401665 30.661844835828965 1271.5 1.0 47.41667000784154 30.77262160692309 2.188173401642067 9.0 4.4 1.182 2.0 "" "" 0.11533862149278254 609.3497119043375 0.29862230947307733
8051 336.0 607.9461559532397 76.8076682432687 1271.5 1.0 -16.885777940852673 222.00165984372285 1.1551931046302284 9.0 4.4 1.182 4.0 "" "" 0.10197890033818197 481.13848770997095 0.7323538448242547
8052 336.0 852.4126264770008 57.79286107738504 1271.5 1.0 -24.349869562531904 80.67953454510139 1.071786447456541 9.0 4.4 1.182 3.0 "" "" 0.12874247580102147 744.6197653996157 0.7323538448242547
8053 336.0 268.24785127005714 30.869106722400513 1271.5 1.0 -76.78213601395953 0.5880719315733529 2.4295578971443703 9.0 4.4 1.182 1.0 "" "" 0.13913633523173516 187.3787445476566 0.7323538448242547
8054 336.0 945.6388909215048 102.08136096057366 1271.5 1.0 -13.159493114797943 89.86082286384071 1.1954904055136473 9.0 4.4 1.182 2.0 "" "" 0.28305179519453294 793.5575299609311 0.7323538448242547
8055 336.0 550.4113751959022 60.19006776967937 1271.5 1.0 -32.1095623384986 319.46609254711274 1.3080100280875544 9.0 4.4 1.182 1.0 "" "" 0.36513495608388585 440.22130742622284 0.7323538448242547
8056 336.0 411.6081957341689 40.12888898005003 1271.5 1.0 -42.387913433219296 135.7864915837299 4.371396810117958 9.0 4.4 1.182 1.0 "" "" 0.13688004875816562 321.47930675411885 0.7323538448242547
8057 336.0 460.40551372432515 221.60970560129667 1271.5 1.0 10.034576685007849 268.73370179549903 1.572568715784423 9.0 4.4 1.182 3.0 "" "" 0.22253917832434525 188.7958081230285 0.7323538448242547
8058 336.0 295.0052005196597 46.9128303789598 1271.5 1.0 37.23601618904049 179.06863714614738 2.146554481299708 9.0 4.4 1.182 1.0 "" "" 0.16570383240187136 198.0923701406999 0.7323538448242547
8059 336.0 562.3094924883715 46.68967156561071 1271.5 1.0 -34.60887456067927 138.55527742929513 3.6787519316737542 9.0 4.4 1.182 2.0 "" "" 0.15982326122598053 465.61982092276077 0.7323538448242547
8060 336.0 553.1286139312049 32.690890925574045 1271.5 1.0 61.56060671826787 156.34522692139663 2.2417784290504357 9.0 4.4 1.182 2.0 "" "" 0.3292438091633813 470.4377230056308 0.7323538448242547
8061 336.0 746.136392211677 171.02210081685368 1271.5 1.0 2.2264503826698823 232.4680439013526 8.950068699618601 9.0 4.4 1.182 2.0 "" "" 0.02572593692190239 525.1142913948233 0.29862230947307733
8062 336.0 391.5123707980049 161.52838102602226 1271.5 1.0 7.9554820022132935 83.06697067859348 4.176495629148517 9.0 4.4 1.182 1.0 "" "" 0.13429890482821388 179.98398977198266 0.7323538448242547
8063 336.0 960.7331116820482 38.539889167483004 1271.5 1.0 49.003351790565326 260.88032577565025 2.071361434170249 9.0 4.4 1.182 2.0 "" "" 0.27488711054825143 872.1932225145652 0.7323538448242547
8064 336.0 486.0556840874509 24.21622659929222 1271.5 1.0 58.29272315900766 38.55494066641078 1.1961204812882766 9.0 4.4 1.182 2.0 "" "" 0.3695572823666441 411.8394574881587 0.7323538448242547
8065 336.0 212.97158193438037 34.96204919230254 1271.5 1.0 -50.811273473112294 236.68712587236692 6.416624066168596 9.0 4.4 1.182 1.0 "" "" 0.0651488498287318 128.00953274207782 0.7323538448242547
8066 336.0 513.469572385728 75.26641917699666 1271.5 1.0 19.06329690084646 141.69953195117802 1.9277433034436149 9.0 4.4 1.182 2.0 "" "" 0.2528914789656686 388.20315320873135 0.7323538448242547
8067 336.0 445.6748318910565 84.42516827128526 1271.5 1.0 -23.516143739721397 18.777370127536052 1.2806821734971863 9.0 4.4 1.182 2.0 "" "" 0.17522034095949357 311.24966361977124 0.7323538448242547
8068 336.0 1920.5221001961215 88.72600907496461 1271.5 1.0 -22.56222413751615 327.83151504162515 1.021616908443152 9.0 4.4 1.182 1.0 "" "" 0.718410395329851 1781.796091121157 0.7323538448242547
8069 336.0 616.2378801329032 233.08332926220297 1271.5 1.0 -3.632491182479178 244.56546097988337 6.950668477651247 9.0 4.4 1.182 1.0 "" "" 0.2580988755806458 333.15455087070023 0.7323538448242547
8070 336.0 271.0051624129669 45.964718552808854 1271.5 1.0 -40.562371605737106 299.6156338546001 3.3374724172917696 9.0 4.4 1.182 0.0 "" "" 0.09023100400205974 175.04044386015806 0.7323538448242547
8071 336.0 658.8231225921007 97.4044701448117 1271.5 1.0 -20.403595997790653 20.751041369051556 1.4932100296505546 9.0 4.4 1.182 3.0 "" "" 0.397671342460572 511.41865244728905 0.7323538448242547
8072 336.0 596.3410858468336 40.98145485266903 1271.5 1.0 -42.77724782112553 54.727979840398795 1.6282612424153835 9.0 4.4 1.182 3.0 "" "" 0.5352590535776123 505.3596309941646 0.7323538448242547
8073 336.0 613.7037156855572 93.25061601741852 1271.5 1.0 -14.491100568702553 134.94723714300173 1.0934197945773578 9.0 4.4 1.182 2.0 "" "" 0.36496931613411765 470.45309966813863 0.7323538448242547
8074 336.0 347.80247633604836 34.814374569633145 1271.5 1.0 -55.388397284284956 174.42884523072152 1.0386760385670792 9.0 4.4 1.182 1.0 "" "" 0.26720896639612196 262.98810176641524 0.7323538448242547
8075 336.0 272.2781814570547 38.11033497198001 1271.5 1.0 42.36979868950799 88.45798444400444 2.679357125482939 9.0 4.4 1.182 2.0 "" "" 0.11896970490123372 184.16784648507468 0.29862230947307733
8076 336.0 445.23136450342207 46.135599107961276 1271.5 1.0 -35.639989053792895 145.22637668686824 1.7952159248040076 9.0 4.4 1.182 2.0 "" "" 0.24447932987273535 349.0957653954608 0.7323538448242547
8077 336.0 501.41859054384616 24.6520950903053 1271.5 1.0 60.43706258759597 10.02541992643939 1.0966900321453417 9.0 4.4 1.182 1.0 "" "" 0.24401177371739463 426.76649545354087 0.7323538448242547
8078 336.0 345.0761338309633 31.68606571978859 1271.5 1.0 -73.2493281314923 33.55112908522924 1.1610500438170082 9.0 4.4 1.182 2.0 "" "" 0.1294313757261108 263.3900681111747 0.7323538448242547
8079 336.0 326.5096800208471 62.902368902378534 1271.5 1.0 22.314287038594873 101.04955661701524 1.9839243742443604 9.0 4.4 1.182 3.0 "" "" 0.14054639308014705 213.60731111846857 0.29862230947307733
8080 336.0 467.41130478832525 46.35767153154489 1271.5 1.0 32.49026348691198 73.31584551976884 2.091548122233984 9.0 4.4 1.182 2.0 "" "" 0.26456579324168966 371.05363325678036 0.29862230947307733
8081 336.0 418.2940771716801 37.540883927427295 1271.5 1.0 50.663608596374026 252.5360984079041 1.069341510945427 9.0 4.4 1.182 2.0 "" "" 0.2778982892696703 330.7531932442528 0.7323538448242547
8082 336.0 1070.4247337459806 96.2576125077534 1271.5 1.0 -13.13688500108988 199.0673499985271 2.353380168532412 9.0 4.4 1.182 3.0 "" "" 0.4846601331645428 924.1671212382271 0.7323538448242547
8083 336.0 274.88837916844 46.062253865775254 1271.5 1.0 33.078864761255055 114.37860201981943 2.7247543226230357 9.0 4.4 1.182 3.0 "" "" 0.061607057592611605 178.82612530266476 0.7323538448242547
8084 336.0 557.3113730276801 167.09387395314104 1271.5 1.0 6.321605378254087 109.49707930741071 2.360806222102417 9.0 4.4 1.182 1.0 "" "" 0.24641270253809208 340.2174990745391 0.7323538448242547
8085 336.0 542.8871407543122 49.268689181647645 1271.5 1.0 33.436591327790886 37.193904935450306 2.874513955348405 9.0 4.4 1.182 2.0 "" "" 0.087297275543738 443.6184515726645 0.29862230947307733
8086 336.0 340.22502412430174 79.29079860226267 1271.5 1.0 17.51425277988949 235.6168466947807 4.767938686894755 9.0 4.4 1.182 2.0 "" "" 0.11855595559217408 210.93422552203904 0.7323538448242547
8087 336.0 800.6211226601276 101.5287522905952 1271.5 1.0 -12.631288591511233 165.54843456015647 6.65715740815293 9.0 4.4 1.182 1.0 "" "" 0.16838536919172456 649.0923703695324 0.7323538448242547
8088 336.0 585.362730813813 51.11169221879394 1271.5 1.0 -32.02090915808314 53.19309908162802 1.480595440867401 9.0 4.4 1.182 2.0 "" "" 0.3590383925505418 484.251038595019 0.7323538448242547
8089 336.0 491.28492335370834 218.27259501757501 1271.5 1.0 -1.4758728332424498 111.84536901079359 2.121075545673359 9.0 4.4 1.182 2.0 "" "" 0.09420946538557418 223.01232833613332 0.7323538448242547
8090 336.0 620.8752465291484 99.54586993559735 1271.5 1.0 -13.186222752571526 138.34953335726814 1.0846691222337386 9.0 4.4 1.182 2.0 "" "" 0.12635211906388671 471.32937659355105 0.29862230947307733
8091 336.0 412.2500076782077 58.69470932223517 1271.5 1.0 -25.531631457039374 129.01856193125374 1.0636240302786184 9.0 4.4 1.182 2.0 "" "" 0.3463420658493423 303.5552983559725 0.7323538448242547
8092 336.0 1044.7939644317264 223.11459593932662 1271.5 1.0 -8.996676108290728 311.27162723438823 3.190212005827737 9.0 4.4 1.182 3.0 "" "" 0.31790065758285646 771.6793684923998 0.7323538448242547
8093 336.0 972.8196246739158 380.33996964006457 1271.5 1.0 -3.9428393105146005 50.043134079349244 1.3644475591983036 9.0 4.4 1.182 3.0 "" "" 0.5188453894057665 542.4796550338511 0.7323538448242547
8094 336.0 1570.3087958778558 48.04869139070917 1271.5 1.0 36.90595273537719 328.8178130652676 1.978378648282767 9.0 4.4 1.182 3.0 "" "" 0.6266551331867273 1472.2601044871467 0.7323538448242547
8095 336.0 562.5550786109984 49.36445970429916 1271.5 1.0 -34.59651058002971 170.65837691159166 3.5687241859749643 9.0 4.4 1.182 2.0 "" "" 0.13393519714745267 463.1906189066992 0.7323538448242547
8096 336.0 249.13568642668744 30.623526340527896 1271.5 1.0 -78.6565617822215 38.79414043734698 1.8052456875438447 9.0 4.4 1.182 3.0 "" "" 0.07368625751906996 168.51216008615955 0.7323538448242547
8097 336.0 254.7516111112484 41.591580950435606 1271.5 1.0 -43.05145296600932 162.73106244217414 1.164035732821628 9.0 4.4 1.182 2.0 "" "" 0.16080031574040815 163.1600301608128 0.7323538448242547
8098 336.0 219.30445986189412 38.11171162433984 1271.5 1.0 -45.02653142152583 245.24202773575132 1.7188161628173155 9.0 4.4 1.182 2.0 "" "" 0.1332495543657437 131.19274823755427 0.7323538448242547
8099 336.0 584.9416545212746 54.45758751465704 1271.5 1.0 27.248275901734125 119.9591291140151 1.0720580326746125 9.0 4.4 1.182 2.0 "" "" 0.14495856819495606 480.4840670066176 0.7323538448242547
8100 336.0 511.25682104803576 129.02916004215052 1271.5 1.0 7.213304610618092 209.37602294199536 1.4036618315111986 9.0 4.4 1.182 2.0 "" "" 0.18848493900351845 332.22766100588524 0.7323538448242547
8101 336.0 792.7120845970001 48.945519074849216 1271.5 1.0 36.66007655257184 273.5773032903317 1.3699370792897625 9.0 4.4 1.182 2.0 "" "" 0.6598717814204884 693.7665655221508 0.7323538448242547
8102 336.0 640.3404488410482 48.18966201871929 1271.5 1.0 37.04282459514819 270.33273032015467 1.486290558509744 9.0 4.4 1.182 2.0 "" "" 0.6583326205204035 542.1507868223289 0.7323538448242547
8103 336.0 281.2606886304036 48.71553704107705 1271.5 1.0 35.30459130436278 257.6464800955269 10.234027525716243 9.0 4.4 1.182 3.0 "" "" 0.11655420677339884 182.54515158932657 0.29862230947307733
8104 336.0 488.288699170783 115.1041998226043 1271.5 1.0 17.47591394442514 356.06951041979005 2.3857658869035614 9.0 4.4 1.182 2.0 "" "" 0.2274037477236982 323.1844993481787 0.7323538448242547
8105 336.0 401.5910230511483 99.18299586980201 1271.5 1.0 18.98826692726172 27.057519186618137 2.1598089155076865 9.0 4.4 1.182 2.0 "" "" 0.272666229006777 252.40802718134626 0.7323538448242547
8106 336.0 1021.150177570918 64.86626866910063 1271.5 1.0 21.361790624187357 94.63943348011433 1.2953575257436187 9.0 4.4 1.182 2.0 "" "" 0.1657822972518705 906.2839089018174 0.7323538448242547
8107 336.0 880.8163523959431 636.7536458674921 1271.5 1.0 0.68487071113193 46.228589132491045 2.983250312579408 9.0 4.4 1.182 2.0 "" "" 0.21080277579275808 194.062706528451 0.7323538448242547
8108 336.0 928.317668762884 343.2224389683339 1271.5 1.0 6.656205895842978 2.787059089071029 1.4006566595560215 9.0 4.4 1.182 2.0 "" "" 0.21343310453322212 535.09522979455 0.7323538448242547
8109 336.0 374.65597822826896 252.48917710107804 1271.5 1.0 2.200561381164476 95.3877706886068 3.8090868599465226 9.0 4.4 1.182 2.0 "" "" 0.08096612073196699 72.1668011271909 0.7323538448242547
