zdm/data/Surveys/MC_CRAFT_ICS_1300.ecsv
# %ECSV 1.0
# ---
# datatype:
# - {name: TNS, datatype: string}
# - {name: BW, datatype: float64}
# - {name: DM, datatype: float64}
# - {name: DMG, datatype: float64}
# - {name: FBAR, datatype: float64}
# - {name: FRES, datatype: float64}
# - {name: Gb, datatype: float64}
# - {name: Gl, datatype: float64}
# - {name: SNR, datatype: float64}
# - {name: SNRTHRESH, datatype: float64}
# - {name: THRESH, datatype: float64}
# - {name: TRES, datatype: float64}
# - {name: WIDTH, datatype: float64}
# - {name: XDec, datatype: string}
# - {name: XRA, datatype: string}
# - {name: Z, datatype: float64}
# - {name: DMEG, datatype: float64}
# - {name: B, datatype: float64}
# meta: {survey_data: '{"observing": {"MAX_IDT": 4096}, "telescope": {"BEAM": "ASKAP_1300", "DIAM": 12.0, "NBEAMS": 36, "NBINS": 5}}'}
# schema: astropy-2.0
TNS BW DM DMG FBAR FRES Gb Gl SNR SNRTHRESH THRESH TRES WIDTH XDec XRA Z DMEG B
[from data line 6885]
6885 336.0 465.61419266046346 132.44861136900417 1271.5 1.0 -6.551589634257618 197.88627212243392 18.014337072940222 9.0 4.4 1.182 2.0 "" "" 0.17037826836484254 283.1655812914593 0.7034355242093715
6886 336.0 1182.5112719373346 32.081046685543534 1271.5 1.0 65.72534947601135 178.65977597749503 1.4923166185333243 9.0 4.4 1.182 3.0 "" "" 0.3936741784036668 1100.4302252517912 0.7034355242093715
6887 336.0 211.572532635371 41.74495375556279 1271.5 1.0 -38.39842473826031 233.70473531848728 2.9396981996270526 9.0 4.4 1.182 2.0 "" "" 0.09847516244317694 119.82757887980821 0.7034355242093715
6888 336.0 379.28157728070016 151.8765141116828 1271.5 1.0 3.6774918222424953 157.5362174905753 2.1964337555462943 9.0 4.4 1.182 2.0 "" "" 0.18705901652266843 177.40506316901738 0.7034355242093715
6889 336.0 159.30105613340604 32.781901447470325 1271.5 1.0 -59.31773054558524 265.2170832704403 13.504692977604561 9.0 4.4 1.182 1.0 "" "" 0.09205856832506078 76.5191546859357 0.7034355242093715
6890 336.0 234.06146656664833 55.496281168848235 1271.5 1.0 -27.065823601054767 207.44024365591213 2.530201015398622 9.0 4.4 1.182 3.0 "" "" 0.08812897664429939 128.5651853978001 0.7034355242093715
6891 336.0 637.810516033643 57.52502752010735 1271.5 1.0 32.873069054925864 312.56711903842637 1.0800454206594385 9.0 4.4 1.182 2.0 "" "" 0.43295487560675316 530.2854885135357 0.7034355242093715
6892 336.0 326.8340092914862 42.4364192590322 1271.5 1.0 37.1128805019236 53.69050216196471 1.413943777071183 9.0 4.4 1.182 3.0 "" "" 0.24941939433344215 234.397590032454 0.7034355242093715
6893 336.0 251.17897381026256 57.51640439004014 1271.5 1.0 27.243822788062758 50.69799018857081 5.279956089013528 9.0 4.4 1.182 1.0 "" "" 0.0808157537385434 143.66256942022244 0.7034355242093715
6894 336.0 353.3562881780903 80.51684640992762 1271.5 1.0 -25.473252028168307 7.094728238098376 1.237989859128036 9.0 4.4 1.182 2.0 "" "" 0.20821626450769012 222.83944176816271 0.7034355242093715
6895 336.0 1304.5409962086956 31.60464407983908 1271.5 1.0 57.47740255387297 318.2776008661163 1.0623541443066031 9.0 4.4 1.182 2.0 "" "" 1.0380699589730402 1222.9363521288565 0.7034355242093715
6896 336.0 493.7986749771809 59.421655650004446 1271.5 1.0 31.758695194153947 307.99817997223175 1.6566482040207569 9.0 4.4 1.182 2.0 "" "" 0.2785509046788903 384.37701932717647 0.7034355242093715
6897 336.0 507.68395591786805 301.34736435326846 1271.5 1.0 7.54345454812912 1.393124432302435 18.97376013024438 9.0 4.4 1.182 2.0 "" "" 0.08357198492639642 156.33659156459962 0.7034355242093715
6898 336.0 436.99950507927787 34.72467945852899 1271.5 1.0 -59.157066203065476 314.91190831450376 1.1247121275979373 9.0 4.4 1.182 2.0 "" "" 0.3743376373593986 352.27482562074886 0.7034355242093715
6899 336.0 327.67469278255606 38.45282258844727 1271.5 1.0 -53.02172002631816 333.77020078171984 1.3326315079284667 9.0 4.4 1.182 2.0 "" "" 0.182510570243327 239.2218701941088 0.7034355242093715
6900 336.0 605.1698722948859 77.46258416963087 1271.5 1.0 -24.757296008323582 311.5575674791054 1.0859250786212968 9.0 4.4 1.182 1.0 "" "" 0.5177212604996253 477.707288125255 0.7034355242093715
6901 336.0 323.6480861339881 93.9509344890435 1271.5 1.0 13.683019259381284 211.07488240751488 6.387981838368895 9.0 4.4 1.182 1.0 "" "" 0.06140183063891957 179.6971516449446 0.7034355242093715
6902 336.0 856.3186722838167 47.90760027788199 1271.5 1.0 -31.589854293130458 111.24862276976486 1.0646210800956648 9.0 4.4 1.182 1.0 "" "" 0.6683258881299483 758.4110720059347 0.7034355242093715
6903 336.0 1005.81894044198 28.546945575318613 1271.5 1.0 87.0049286521845 245.58040543426634 1.4074345385643297 9.0 4.4 1.182 2.0 "" "" 1.0867664716395846 927.2719948666613 0.7034355242093715
6904 336.0 166.3760957158031 26.772179719708348 1271.5 1.0 57.13291683904181 66.99616546780072 5.279455433500147 9.0 4.4 1.182 2.0 "" "" 0.06136969451234384 89.60391599609474 0.7034355242093715
6905 336.0 522.8534210752036 35.01663451169741 1271.5 1.0 -55.896165474720554 163.42410639971405 3.941750401734544 9.0 4.4 1.182 2.0 "" "" 0.10778891184949052 437.83678656350617 0.7034355242093715
6906 336.0 455.1749496486221 60.185159671586625 1271.5 1.0 -28.873535996321237 281.48655676633774 3.103364271798039 9.0 4.4 1.182 2.0 "" "" 0.25829985967272406 344.98978997703546 0.7034355242093715
6907 336.0 436.0758776617954 58.345708640947024 1271.5 1.0 24.180540590071995 98.0898100635675 1.3443586106538208 9.0 4.4 1.182 3.0 "" "" 0.1584341503161946 327.7301690208484 0.7034355242093715
6908 336.0 732.7818565679518 105.47222944121269 1271.5 1.0 -12.031861786382994 140.96469802302593 1.1852966395416413 9.0 4.4 1.182 1.0 "" "" 0.60705130041694 577.3096271267391 0.7034355242093715
6909 336.0 570.5363360006169 58.60205763819099 1271.5 1.0 24.236943943090925 72.3847509684811 2.0355679759984833 9.0 4.4 1.182 1.0 "" "" 0.5837850236219448 461.93427836242586 0.7034355242093715
6910 336.0 951.236719823964 623.1054442372377 1271.5 1.0 3.2590065089547444 13.842812115656837 5.461856371733247 9.0 4.4 1.182 3.0 "" "" 0.06777067303564972 278.13127558672625 0.7034355242093715
6911 336.0 138.93632285795647 39.31415543610334 1271.5 1.0 -43.59358969181293 91.03692364678857 28.054498406455686 9.0 4.4 1.182 1.0 "" "" 0.06409164074291115 49.62216742185312 0.7034355242093715
6912 336.0 373.82729200547317 50.57350502050631 1271.5 1.0 32.14447456524279 235.62868147508098 1.3104270935544768 9.0 4.4 1.182 2.0 "" "" 0.21341434396844391 273.25378698496684 0.7034355242093715
6913 336.0 441.9390492712788 152.03730314855378 1271.5 1.0 -3.7679171939563494 224.769193595491 2.7562323408677742 9.0 4.4 1.182 3.0 "" "" 0.11651825197872773 239.90174612272503 0.7034355242093715
6914 336.0 1197.3960993604232 54.61081629576293 1271.5 1.0 -27.02056692857377 68.19185081244946 1.0114015584036435 9.0 4.4 1.182 1.0 "" "" 0.5692729251071034 1092.7852830646602 0.7034355242093715
6915 336.0 163.86172586251104 32.53378791974083 1271.5 1.0 -65.57999881283202 57.48101416520816 3.955941381519413 9.0 4.4 1.182 2.0 "" "" 0.09084855542744522 81.3279379427702 0.7034355242093715
6916 336.0 262.5702978030247 103.10460265403287 1271.5 1.0 12.92170493851937 113.09923119867133 1.0926403374629707 9.0 4.4 1.182 3.0 "" "" 0.08968173964953996 109.46569514899178 0.7034355242093715
6917 336.0 506.19495994518525 33.69948536467538 1271.5 1.0 59.18187513471419 240.59206039703844 1.055676051875789 9.0 4.4 1.182 2.0 "" "" 0.17620985250694332 422.4954745805099 0.7034355242093715
6918 336.0 497.8779269391045 175.92213842776272 1271.5 1.0 0.8956729786321774 130.5066577791553 2.0920687829497546 9.0 4.4 1.182 2.0 "" "" 0.31616554205282 271.9557885113418 0.7034355242093715
6919 336.0 560.2740316117306 40.94256892999917 1271.5 1.0 44.100264033157586 172.85163530636228 2.526729605637723 9.0 4.4 1.182 2.0 "" "" 0.25131046920815564 469.33146268173147 0.7034355242093715
6920 336.0 647.5234834985683 107.49969838220372 1271.5 1.0 -19.562537943942353 356.42010317586005 22.087281665701738 9.0 4.4 1.182 3.0 "" "" 0.04016221998008665 490.0237851163646 0.7034355242093715
6921 336.0 703.9161067704507 42.967149296543695 1271.5 1.0 -41.40158086690616 278.61828958841534 4.167167489685198 9.0 4.4 1.182 2.0 "" "" 0.26931254957805706 610.9489574739071 0.7034355242093715
6922 336.0 522.4128217348183 44.27558941455112 1271.5 1.0 -43.27666328479323 31.800134015683646 1.2087531727604146 9.0 4.4 1.182 2.0 "" "" 0.13781824353734626 428.1372323202672 0.7034355242093715
6923 336.0 270.5198752968016 49.00513604922275 1271.5 1.0 33.923714558139686 20.96430966031248 16.091882306354567 9.0 4.4 1.182 2.0 "" "" 0.05542476857408542 171.51473924757883 0.7034355242093715
6924 336.0 501.1090673340503 144.971366547115 1271.5 1.0 14.444596680149996 3.5773674769867325 3.262697208399446 9.0 4.4 1.182 2.0 "" "" 0.12547560093140825 306.1377007869353 0.7034355242093715
6925 336.0 473.6419875349691 37.51662308287483 1271.5 1.0 -48.746082407596454 150.1333752800377 1.439415599842426 9.0 4.4 1.182 2.0 "" "" 0.44926240775529974 386.12536445209423 0.7034355242093715
6926 336.0 894.7464307123743 37.47600908335093 1271.5 1.0 -44.50997534525512 105.69286835287073 1.1712198736533714 9.0 4.4 1.182 2.0 "" "" 0.17420712064237875 807.2704216290233 0.7034355242093715
6927 336.0 1053.151172307431 57.41476420153202 1271.5 1.0 26.703558759019487 144.14652578002097 1.0188103035205904 9.0 4.4 1.182 2.0 "" "" 0.7943479521923292 945.7364081058989 0.7034355242093715
6928 336.0 394.7845788355062 58.6018992670634 1271.5 1.0 -25.892980243245233 251.07303120374434 1.9959857015291886 9.0 4.4 1.182 2.0 "" "" 0.3029065108771627 286.1826795684428 0.7034355242093715
6929 336.0 486.15904491553124 120.23866985376603 1271.5 1.0 -10.833453511352493 104.7123906603484 3.0002769954447883 9.0 4.4 1.182 2.0 "" "" 0.14534222770482352 315.9203750617652 0.7034355242093715
6930 336.0 300.673232474335 22.532592131826373 1271.5 1.0 68.02073493802953 44.01432913884803 1.4457750948080343 9.0 4.4 1.182 2.0 "" "" 0.1575860160958674 228.14064034250862 0.7034355242093715
6931 336.0 916.1804850352504 50.69038348653539 1271.5 1.0 -36.1438500957425 292.8355655252114 1.1012394432280752 9.0 4.4 1.182 2.0 "" "" 0.8085913645058327 815.490101548715 0.7034355242093715
6932 336.0 631.7912749762697 24.17189026006743 1271.5 1.0 61.94409423969615 59.19741571421002 1.27343188506894 9.0 4.4 1.182 3.0 "" "" 0.45009419049336646 557.6193847162023 0.7034355242093715
6933 336.0 486.4275491236616 55.76399906152421 1271.5 1.0 28.745689652678575 46.20373873540569 2.344170951564513 9.0 4.4 1.182 2.0 "" "" 0.24265845440818284 380.6635500621374 0.7034355242093715
6934 336.0 449.716249405443 52.36946627611962 1271.5 1.0 -37.60577091380415 20.206172283061616 5.5563636417830935 9.0 4.4 1.182 1.0 "" "" 0.06110782307223629 347.3467831293234 0.7034355242093715
6935 336.0 213.22097011675334 60.644861667844616 1271.5 1.0 -26.00912653147118 182.83942655755772 34.3701213007619 9.0 4.4 1.182 2.0 "" "" 0.03091253309448998 102.57610844890871 0.7034355242093715
6936 336.0 739.5754645000377 25.807808319495486 1271.5 1.0 73.80826555834567 332.89240599851007 1.2695229142569286 9.0 4.4 1.182 2.0 "" "" 0.5479053825945769 663.7676561805422 0.7034355242093715
6937 336.0 267.25067598966257 48.99188902156826 1271.5 1.0 -40.83919208917577 343.90270758207606 1.442242610941668 9.0 4.4 1.182 2.0 "" "" 0.15118683914130138 168.25878696809434 0.7034355242093715
6938 336.0 1209.4645451440535 85.99991157628833 1271.5 1.0 16.068458781036536 147.28650339068898 1.1746535576653303 9.0 4.4 1.182 2.0 "" "" 1.0769406552464325 1073.4646335677653 0.7034355242093715
6939 336.0 1783.3456289058615 32.637402249185634 1271.5 1.0 62.530603387917466 162.51066931692318 1.260549108028413 9.0 4.4 1.182 1.0 "" "" 0.6825359723631119 1700.7082266566758 0.7034355242093715
6940 336.0 260.14239310209916 57.46070236219844 1271.5 1.0 25.926300049267393 62.701479324364335 6.49902159271529 9.0 4.4 1.182 2.0 "" "" 0.07722577245043319 152.6816907399007 0.7034355242093715
6941 336.0 219.92338996625892 29.618062612016686 1271.5 1.0 -80.96403737960108 182.0010207602412 9.043621473094209 9.0 4.4 1.182 2.0 "" "" 0.16597138702241693 140.30532735424222 0.7034355242093715
6942 336.0 545.6064040711519 94.44267181470552 1271.5 1.0 -14.142282431156623 182.93655163609665 1.2769230479507 9.0 4.4 1.182 3.0 "" "" 0.21714010595137376 401.16373225644634 0.7034355242093715
6943 336.0 306.903668712065 65.22340982692127 1271.5 1.0 22.11208753400192 65.41609449057339 1.4647904866174406 9.0 4.4 1.182 2.0 "" "" 0.1237833569494195 191.68025888514373 0.7034355242093715
6944 336.0 702.4374013702493 34.84292364726753 1271.5 1.0 -52.21867359474432 123.16726423924075 1.691836201363442 9.0 4.4 1.182 2.0 "" "" 0.44101076938441375 617.5944777229818 0.7034355242093715
6945 336.0 669.4784629592845 63.96903443593302 1271.5 1.0 -24.703599356611736 168.68769388074816 1.9826118399759414 9.0 4.4 1.182 1.0 "" "" 0.6831618890249659 555.5094285233514 0.7034355242093715
6946 336.0 318.9448165673408 145.49115773689104 1271.5 1.0 -4.327793883061111 185.53527440994426 1.1285788002050743 9.0 4.4 1.182 2.0 "" "" 0.13906470154398606 123.4536588304498 0.7034355242093715
6947 336.0 327.241568321819 60.64547505965958 1271.5 1.0 29.344680482270313 280.0890615945821 1.212991067725294 9.0 4.4 1.182 2.0 "" "" 0.24168268481131083 216.5960932621594 0.7034355242093715
6948 336.0 330.7755060254248 27.976289610435757 1271.5 1.0 79.82403798558798 167.15554902056775 1.9819364353337292 9.0 4.4 1.182 1.0 "" "" 0.16875904547721465 252.79921641498908 0.7034355242093715
6949 336.0 380.44199815085597 32.66030377339334 1271.5 1.0 -61.289072071991335 74.7142590432569 2.1465267734008098 9.0 4.4 1.182 2.0 "" "" 0.31813035598049 297.7816943774626 0.7034355242093715
6950 336.0 341.06226089955624 40.507202229747115 1271.5 1.0 46.49926908794943 285.84960852488814 1.0983255582987732 9.0 4.4 1.182 3.0 "" "" 0.26001220056446384 250.55505866980914 0.7034355242093715
6951 336.0 649.6132446414898 30.183532637887946 1271.5 1.0 -74.32786005144001 179.9769838212705 1.770178118327553 9.0 4.4 1.182 2.0 "" "" 0.48569715538294267 569.4297120036018 0.7034355242093715
6952 336.0 265.8204564703693 34.54762615673147 1271.5 1.0 50.70216229803624 87.93566754500877 1.250975137658697 9.0 4.4 1.182 2.0 "" "" 0.12033174965782456 181.27283031363788 0.7034355242093715
6953 336.0 387.16624813759245 80.1594842366656 1271.5 1.0 -17.035921149476565 202.27751234819624 1.033804011763941 9.0 4.4 1.182 2.0 "" "" 0.1459064039435188 257.00676390092684 0.7034355242093715
6954 336.0 249.87107445588117 61.180585546006256 1271.5 1.0 26.574932724225615 181.46722772143582 1.1301380566919152 9.0 4.4 1.182 2.0 "" "" 0.17560152229460055 138.69048890987492 0.7034355242093715
6955 336.0 575.8083952987157 89.28214269929136 1271.5 1.0 -21.09731918793485 29.727673703420393 1.2164611541544956 9.0 4.4 1.182 2.0 "" "" 0.35087447227828966 436.5262525994243 0.7034355242093715
6956 336.0 781.0117858849875 28.963379239967182 1271.5 1.0 75.59280258618121 168.31542896831374 1.8410562408948672 9.0 4.4 1.182 2.0 "" "" 0.27120953888394217 702.0484066450203 0.7034355242093715
6957 336.0 356.72810019229814 102.58016271767988 1271.5 1.0 12.314510655783993 164.98110019100542 2.4010593826093887 9.0 4.4 1.182 2.0 "" "" 0.24535912256428444 204.1479374746183 0.7034355242093715
6958 336.0 727.136957128469 127.9768649188406 1271.5 1.0 8.746398739175463 134.56549980689323 1.054399146364415 9.0 4.4 1.182 1.0 "" "" 0.6183895861385464 549.1600922096284 0.7034355242093715
6959 336.0 1103.545627331351 58.94638652066089 1271.5 1.0 -34.29989750036103 5.69751609856048 1.473078572925342 9.0 4.4 1.182 2.0 "" "" 1.028979575294609 994.5992408106902 0.7034355242093715
6960 336.0 377.58828490123744 45.92168516292156 1271.5 1.0 -33.493951824845695 228.9679318115143 1.0075039736096187 9.0 4.4 1.182 1.0 "" "" 0.20394714709089068 281.6665997383159 0.7034355242093715
6961 336.0 866.8264399765737 42.855520405794536 1271.5 1.0 40.648339650526495 226.096249773946 1.2473145821187732 9.0 4.4 1.182 2.0 "" "" 0.7968965928529773 773.9709195707792 0.7034355242093715
6962 336.0 792.7411420248114 59.36101807578179 1271.5 1.0 24.666124234623584 121.13936980605266 2.0129255460390603 9.0 4.4 1.182 3.0 "" "" 0.0898835276090122 683.3801239490297 0.7034355242093715
6963 336.0 1408.3547492720754 34.11329152215978 1271.5 1.0 52.19099977716084 113.15214409104861 1.399474559748037 9.0 4.4 1.182 3.0 "" "" 0.19995516024945936 1324.2414577499158 0.7034355242093715
6964 336.0 422.3676711415068 63.73834049962673 1271.5 1.0 -22.899208474067237 122.02196013986544 1.4280755508932401 9.0 4.4 1.182 2.0 "" "" 0.16961842203136476 308.62933064188 0.7034355242093715
6965 336.0 326.2661479393838 62.69449790669945 1271.5 1.0 -23.547105917369496 202.3651875452833 3.0854828338995404 9.0 4.4 1.182 3.0 "" "" 0.12048310352527383 213.57165003268437 0.7034355242093715
