zdm/data/Surveys/MC_CRAFT_ICS_1300_2.ecsv
# %ECSV 1.0
# ---
# datatype:
# - {name: TNS, datatype: string}
# - {name: BW, datatype: float64}
# - {name: DM, datatype: float64}
# - {name: DMG, datatype: float64}
# - {name: FBAR, datatype: float64}
# - {name: FRES, datatype: float64}
# - {name: Gb, datatype: float64}
# - {name: Gl, datatype: float64}
# - {name: SNR, datatype: float64}
# - {name: SNRTHRESH, datatype: float64}
# - {name: THRESH, datatype: float64}
# - {name: TRES, datatype: float64}
# - {name: WIDTH, datatype: float64}
# - {name: XDec, datatype: string}
# - {name: XRA, datatype: string}
# - {name: Z, datatype: float64}
# - {name: DMEG, datatype: float64}
# - {name: B, datatype: float64}
# meta: {survey_data: '{"observing": {"MAX_IDT": 4096}, "telescope": {"BEAM": "ASKAP_1300", "DIAM": 12.0, "NBEAMS": 36, "NBINS": 5}}'}
# schema: astropy-2.0
TNS BW DM DMG FBAR FRES Gb Gl SNR SNRTHRESH THRESH TRES WIDTH XDec XRA Z DMEG B
[from data line 6719]
6719 336.0 845.8217695208114 39.20051821156989 1271.5 1.0 47.59380653110884 196.98162899432208 1.5633375638530655 9.0 4.4 1.182 2.0 "" "" 0.32690321473800743 756.6212513092414 0.7323538448242547
6720 336.0 1126.5644131086647 45.45315507328009 1271.5 1.0 -34.443068112527314 120.60015561540902 1.2433816688798518 9.0 4.4 1.182 2.0 "" "" 0.606545079196511 1031.1112580353845 0.7323538448242547
6721 336.0 366.1507748408454 151.71489179012195 1271.5 1.0 13.792386265061625 340.46901764686754 1.6473259725433205 9.0 4.4 1.182 2.0 "" "" 0.11929689777216707 164.43588305072342 0.7323538448242547
6722 336.0 475.9333050561165 47.00627483544552 1271.5 1.0 31.181606572787185 88.90222595105287 7.830331373392003 9.0 4.4 1.182 3.0 "" "" 0.1255845627453114 378.927030220671 0.7323538448242547
6723 336.0 661.1390001050504 41.34840511123152 1271.5 1.0 -39.475502894735335 241.4021238519839 2.845855178183102 9.0 4.4 1.182 1.0 "" "" 0.45697444379163354 569.7905949938189 0.7323538448242547
6724 336.0 472.6234470427195 89.23361140716248 1271.5 1.0 15.281121083314856 199.3376917183515 1.0245462283319504 9.0 4.4 1.182 2.0 "" "" 0.19702029870084825 333.389835635557 0.7323538448242547
6725 336.0 239.42114310860853 44.42071008946337 1271.5 1.0 -42.12265453191642 36.4807817907428 1.2119267536850997 9.0 4.4 1.182 1.0 "" "" 0.11176401601988968 145.00043301914516 0.11583478015912163
6726 336.0 371.58175324279983 47.26426333940326 1271.5 1.0 -34.61818639570703 56.70519476497421 1.870702161182045 9.0 4.4 1.182 2.0 "" "" 0.10015400155873576 274.31748990339656 0.29862230947307733
6727 336.0 657.0619237094794 89.10983837444567 1271.5 1.0 -15.444849334518478 119.49689850766394 3.968977174564891 9.0 4.4 1.182 2.0 "" "" 0.10531805049000129 517.9520853350338 0.7323538448242547
6728 336.0 417.0914875282901 41.597945165975986 1271.5 1.0 43.75577089982237 178.92113106540236 1.4239683277269468 9.0 4.4 1.182 2.0 "" "" 0.2517757131037647 325.4935423623141 0.7323538448242547
6729 336.0 834.2360070709732 42.39018257128666 1271.5 1.0 -39.629415548580596 197.76079746652945 9.338273688375365 9.0 4.4 1.182 2.0 "" "" 0.25821714848372007 741.8458244996865 0.7323538448242547
6730 336.0 197.59443239178313 39.06777169843373 1271.5 1.0 -44.664772692145036 251.29252592496312 3.2803107078795906 9.0 4.4 1.182 3.0 "" "" 0.11197404137823251 108.52666069334941 0.7323538448242547
6731 336.0 1049.3857917611504 89.05643033522126 1271.5 1.0 -15.315501363113 187.57443459143482 3.0308786657211364 9.0 4.4 1.182 3.0 "" "" 0.15643917352682654 910.3293614259289 0.7323538448242547
6732 336.0 471.87508974228666 45.158268897595626 1271.5 1.0 -33.51742218638065 100.44198736757647 1.5096703724419853 9.0 4.4 1.182 2.0 "" "" 0.5303352067785015 376.71682084469103 0.7323538448242547
6733 336.0 324.9120944615066 48.323702223009235 1271.5 1.0 32.26147637551826 132.38394345567292 2.740433730878113 9.0 4.4 1.182 1.0 "" "" 0.18392258477747714 226.5883922384974 0.11583478015912163
6734 336.0 678.8084481108261 75.72427054782307 1271.5 1.0 -18.796052341817575 124.80285188982722 1.1097162586503304 9.0 4.4 1.182 1.0 "" "" 0.2888444364385958 553.0841775630031 0.7323538448242547
6735 336.0 418.9942912033249 35.34380535140494 1271.5 1.0 -50.09279021480981 242.23376222067012 1.5024961882896382 9.0 4.4 1.182 2.0 "" "" 0.29552859402250264 333.65048585192 0.7323538448242547
6736 336.0 394.25676902920617 126.33151039812773 1271.5 1.0 9.661977187512836 244.0411185544848 1.0193180229080037 9.0 4.4 1.182 3.0 "" "" 0.16722376096575314 217.92525863107844 0.7323538448242547
6737 336.0 323.7063377778025 43.30741220399578 1271.5 1.0 35.121356794958615 80.6852192479018 1.083752663695711 9.0 4.4 1.182 2.0 "" "" 0.1879317456911843 230.3989255738067 0.7323538448242547
6738 336.0 626.5817883443393 34.456979817271886 1271.5 1.0 57.430765276468534 172.37846326748752 1.195912940492358 9.0 4.4 1.182 2.0 "" "" 0.17704468062198478 542.1248085270674 0.7323538448242547
6739 336.0 1001.4633263686726 91.30568277492146 1271.5 1.0 -21.949846168679198 327.2021921853202 1.2031573173347698 9.0 4.4 1.182 2.0 "" "" 0.4790315517300592 860.1576435937511 0.7323538448242547
6740 336.0 482.16870067143907 173.5268948946991 1271.5 1.0 3.964827728200724 126.77437310377323 1.30791285288992 9.0 4.4 1.182 2.0 "" "" 0.175692068976816 258.64180577674 0.7323538448242547
6741 336.0 363.53536476408664 67.56989891898169 1271.5 1.0 -24.65867820288483 45.956804262703585 4.7345406197829565 9.0 4.4 1.182 3.0 "" "" 0.051123497830144436 245.96546584510494 0.7323538448242547
6742 336.0 406.04995308389044 67.9348674015526 1271.5 1.0 -20.28021413630146 89.11530307097483 1.1914904474144716 9.0 4.4 1.182 2.0 "" "" 0.3657211039116387 288.11508568233785 0.7323538448242547
6743 336.0 959.5097137031786 397.74473816435716 1271.5 1.0 -5.383765156270921 332.0031292523779 1.0546309713318933 9.0 4.4 1.182 1.0 "" "" 0.21150182588494504 511.76497553882143 0.7323538448242547
6744 336.0 1041.9216905848893 156.75220511812975 1271.5 1.0 -1.2027896412175887 197.41334738437536 5.9322223692523535 9.0 4.4 1.182 2.0 "" "" 0.0690293605780246 835.1694854667595 0.29862230947307733
6745 336.0 775.145805706715 270.6250153449748 1271.5 1.0 -14.098942486516659 256.5431811563302 1.94842194109247 9.0 4.4 1.182 1.0 "" "" 0.26372313791092045 454.52079036174024 0.7323538448242547
6746 336.0 1138.5870050944693 55.29911416229209 1271.5 1.0 -33.64605517585922 302.8619660795026 2.1523103253428935 9.0 4.4 1.182 2.0 "" "" 0.2307436893419023 1033.287890932177 0.7323538448242547
6747 336.0 526.1271336228764 251.89481841741858 1271.5 1.0 -8.895382158864823 355.017580543934 1.4020239656594358 9.0 4.4 1.182 3.0 "" "" 0.2025122064980662 224.23231520545778 0.7323538448242547
6748 336.0 191.3710808696814 80.35330395629519 1271.5 1.0 17.373710825191747 237.95486305523093 98.99454506034763 9.0 4.4 1.182 2.0 "" "" 0.016420370442153963 61.01777691338622 0.7323538448242547
6749 336.0 686.7119087801664 172.4025047914261 1271.5 1.0 -2.809078613165351 135.1940047440334 1.0862562921515877 9.0 4.4 1.182 2.0 "" "" 0.1731854824390633 464.30940398874026 0.7323538448242547
6750 336.0 684.4954339432991 33.866894834782045 1271.5 1.0 -53.951138085943875 95.12203592619996 1.4814732588348252 9.0 4.4 1.182 2.0 "" "" 0.5844210221131805 600.6285391085171 0.7323538448242547
6751 336.0 1333.333495961601 31.109505470088813 1271.5 1.0 -71.89069682364197 81.9488023746451 5.465407311346016 9.0 4.4 1.182 2.0 "" "" 0.21736753638431483 1252.2239904915123 0.7323538448242547
6752 336.0 551.9672240280493 166.89343028342478 1271.5 1.0 -0.1267244217445015 225.2953105296242 2.3369489101882164 9.0 4.4 1.182 1.0 "" "" 0.18661895191447106 335.0737937446244 0.7323538448242547
6753 336.0 1484.7613676040928 1225.4661790730595 1271.5 1.0 0.3133463650414875 27.305740422166682 11.194007621234809 9.0 4.4 1.182 2.0 "" "" 0.036359074260698905 209.29518853103332 0.7323538448242547
6754 336.0 739.1996234345881 51.38609781232729 1271.5 1.0 -35.10412276673692 37.87271300607349 1.4123324702836497 9.0 4.4 1.182 1.0 "" "" 0.5153466087809982 637.8135256222608 0.7323538448242547
6755 336.0 380.25119023532625 44.50727827037572 1271.5 1.0 -35.25790793403115 238.76852309321134 2.8715294848633395 9.0 4.4 1.182 2.0 "" "" 0.2925609240689313 285.74391196495054 0.7323538448242547
6756 336.0 392.2492614195442 45.67999127792083 1271.5 1.0 -41.50563899760463 32.92443527043284 1.1934764446788013 9.0 4.4 1.182 2.0 "" "" 0.2434953032671608 296.5692701416234 0.7323538448242547
6757 336.0 255.39672758179108 84.72140856150858 1271.5 1.0 22.026290298066996 297.0419352056981 1.1009158732838202 9.0 4.4 1.182 3.0 "" "" 0.12266794631380384 120.6753190202825 0.7323538448242547
6758 336.0 1357.6156746326997 544.543126212652 1271.5 1.0 -2.1854242543095697 266.77054695370146 1.6107033976828622 9.0 4.4 1.182 2.0 "" "" 0.42373861462337986 763.0725484200475 0.7323538448242547
6759 336.0 700.1235030954012 33.459901603765786 1271.5 1.0 -58.89862910579423 280.6511717710013 2.4504191508469773 9.0 4.4 1.182 2.0 "" "" 0.1675336567356051 616.6636014916354 0.7323538448242547
6760 336.0 863.4806001745537 40.10120327502693 1271.5 1.0 46.98606398233641 272.24997964111094 1.4309271007841269 9.0 4.4 1.182 1.0 "" "" 0.5114774976478328 773.3793968995268 0.7323538448242547
6761 336.0 731.1912161667427 141.78486381260439 1271.5 1.0 5.187373766102513 216.46384203120718 1.3662546634003383 9.0 4.4 1.182 1.0 "" "" 0.33495736171142176 539.4063523541383 0.7323538448242547
6762 336.0 796.0786002934806 37.992922361010855 1271.5 1.0 48.880702889685764 227.7118496937696 1.1168339047159004 9.0 4.4 1.182 1.0 "" "" 0.3633155235503951 708.0856779324697 0.7323538448242547
6763 336.0 655.3895160884168 520.8831963393461 1271.5 1.0 4.186789760625364 348.0975389892147 16.871897201606252 9.0 4.4 1.182 3.0 "" "" 0.06042592677705272 84.50631974907076 0.7323538448242547
6764 336.0 764.2363312571293 110.91925306485147 1271.5 1.0 15.504146230230825 44.182092813485056 1.3595413071636822 9.0 4.4 1.182 2.0 "" "" 0.3360019196760637 603.3170781922779 0.7323538448242547
6765 336.0 337.5822654816139 34.54574654017848 1271.5 1.0 -51.80579213815085 232.1437975048392 3.3930549132347214 9.0 4.4 1.182 1.0 "" "" 0.20346729567323535 253.0365189414354 0.7323538448242547
6766 336.0 395.0454474871488 45.11749627270849 1271.5 1.0 -41.1671923175758 297.1309570078994 1.3939997458364422 9.0 4.4 1.182 0.0 "" "" 0.3362919903194715 299.9279512144403 0.7323538448242547
6767 336.0 283.52455951273964 39.207174748551694 1271.5 1.0 40.15193552548335 14.17833162739958 1.6220085142246592 9.0 4.4 1.182 3.0 "" "" 0.10198484954806361 194.31738476418798 0.7323538448242547
6768 336.0 333.75643109378683 76.76445425131179 1271.5 1.0 17.94314939227826 100.69189131426057 1.3101569676771732 9.0 4.4 1.182 3.0 "" "" 0.08539106175134897 206.99197684247505 0.7323538448242547
6769 336.0 532.638588098677 92.374190538468 1271.5 1.0 -14.609115255490973 154.3084949072877 1.8379828600684083 9.0 4.4 1.182 3.0 "" "" 0.39440363397816525 390.264397560209 0.29862230947307733
6770 336.0 1441.2857564563276 158.75644035535268 1271.5 1.0 -12.19873237938906 303.4351374010327 1.093131016870061 9.0 4.4 1.182 2.0 "" "" 0.2801005485995815 1232.529316100975 0.7323538448242547
6771 336.0 876.7912177931427 30.482982869600715 1271.5 1.0 -68.21232230055764 236.98510095475345 2.149217028347667 9.0 4.4 1.182 2.0 "" "" 0.7557750545226971 796.3082349235419 0.7323538448242547
6772 336.0 321.7346495438913 37.79678514237718 1271.5 1.0 49.30785669974836 231.83538894281736 1.0836569520888495 9.0 4.4 1.182 3.0 "" "" 0.10288908754429907 233.9378644015141 0.7323538448242547
6773 336.0 679.2959998088414 43.3411089120303 1271.5 1.0 36.969964465971124 130.07950235296062 1.1510140109259734 9.0 4.4 1.182 2.0 "" "" 0.4034818974117579 585.9548908968111 0.29862230947307733
6774 336.0 512.9274293224178 157.6418096184139 1271.5 1.0 4.840025546782139 136.01936834990306 2.6629599982194834 9.0 4.4 1.182 3.0 "" "" 0.16413442900105457 305.2856197040039 0.7323538448242547
6775 336.0 463.02642866064724 29.725864513517045 1271.5 1.0 -82.90028823816799 310.63312519128664 1.4776123328807989 9.0 4.4 1.182 2.0 "" "" 0.5206881043204263 383.3005641471302 0.7323538448242547
6776 336.0 594.5866776202995 64.98380801130526 1271.5 1.0 24.190927659014356 191.3384095960676 1.3019336486430342 9.0 4.4 1.182 1.0 "" "" 0.42779501467454284 479.6028696089943 0.7323538448242547
6777 336.0 302.3360792093432 46.183089053000394 1271.5 1.0 40.400873186067265 289.9892821228478 1.1260050752030295 9.0 4.4 1.182 2.0 "" "" 0.216342894551016 206.1529901563428 0.7323538448242547
6778 336.0 411.70806651191515 38.40628608108127 1271.5 1.0 48.67117918078592 310.6730207295226 1.22043972965946 9.0 4.4 1.182 2.0 "" "" 0.3368949526434902 323.3017804308339 0.7323538448242547
6779 336.0 1382.6017342764092 59.250634930341995 1271.5 1.0 -34.07287878324871 3.674840788681566 1.0365730467972192 9.0 4.4 1.182 4.0 "" "" 0.3539861787195363 1273.3510993460673 0.7323538448242547
6780 336.0 2044.8275168572034 47.78324038868048 1271.5 1.0 35.29702214781676 210.69960644434175 1.463020837769388 9.0 4.4 1.182 2.0 "" "" 0.43346925108766077 1947.0442764685229 0.7323538448242547
6781 336.0 332.1405803325238 27.06610508333643 1271.5 1.0 62.555487230761884 336.3488218203234 1.2813511957859738 9.0 4.4 1.182 3.0 "" "" 0.12297478460765536 255.07447524918737 0.7323538448242547
6782 336.0 775.9767983178787 100.95044351081242 1271.5 1.0 -16.561638182730043 46.53152393973484 1.7385056358757398 9.0 4.4 1.182 2.0 "" "" 0.10592253826314764 625.0263548070662 0.7323538448242547
6783 336.0 379.1998026578873 51.99834048881076 1271.5 1.0 32.04142429190174 252.64157869574277 1.169878085133403 9.0 4.4 1.182 2.0 "" "" 0.08579322775446324 277.20146216907654 0.29862230947307733
6784 336.0 500.3144328983367 54.836214190707885 1271.5 1.0 -27.63574633206951 62.79218630426563 1.8417623623460933 9.0 4.4 1.182 2.0 "" "" 0.356290076914495 395.4782187076288 0.7323538448242547
6785 336.0 564.3134043589064 37.26699294951695 1271.5 1.0 -46.13443103384727 215.9910330966743 1.283322622330806 9.0 4.4 1.182 2.0 "" "" 0.19704161481152907 477.0464114093894 0.7323538448242547
6786 336.0 244.17966449875033 33.5925318482008 1271.5 1.0 -57.08538773461168 129.9093382761726 6.756390429651427 9.0 4.4 1.182 1.0 "" "" 0.1521170464122908 160.58713265054953 0.7323538448242547
6787 336.0 804.641367652708 60.809443359966124 1271.5 1.0 23.630861551292785 67.89070692920069 1.0615535454625182 9.0 4.4 1.182 2.0 "" "" 0.6518025128383322 693.8319242927419 0.7323538448242547
6788 336.0 575.2308752015024 94.71525555288791 1271.5 1.0 14.029463210073871 144.23542194307268 4.9674081535389885 9.0 4.4 1.182 2.0 "" "" 0.18574731605210842 430.51561964861446 0.7323538448242547
6789 336.0 300.0325316096566 28.904104792797355 1271.5 1.0 78.90050188774201 320.6776136503508 1.0654039374662931 9.0 4.4 1.182 2.0 "" "" 0.1528845250235767 221.12842681685925 0.7323538448242547
6790 336.0 226.6962824599603 36.614857428085465 1271.5 1.0 -50.157630511986326 60.8357712638329 6.537799651740446 9.0 4.4 1.182 2.0 "" "" 0.0762834773631895 140.08142503187483 0.7323538448242547
6791 336.0 1185.0597681437741 120.4509585214842 1271.5 1.0 15.358396928829851 293.15096068725506 1.812000009233623 9.0 4.4 1.182 3.0 "" "" 0.8363900822531518 1014.6088096222899 0.7323538448242547
6792 336.0 397.64286235501277 35.758876976367176 1271.5 1.0 -49.25313026148653 216.19212533465762 1.1486933796437466 9.0 4.4 1.182 1.0 "" "" 0.17864179433140012 311.8839853786456 0.7323538448242547
6793 336.0 150.94938126800673 57.32176850432993 1271.5 1.0 -27.63767774757057 156.38343489956935 5.146625451972859 9.0 4.4 1.182 2.0 "" "" 0.034266714865627046 43.627612763676815 0.04584765382296072
6794 336.0 1072.857927489601 30.562704283204997 1271.5 1.0 -77.44501116173788 111.37303006944235 1.9142828617877148 9.0 4.4 1.182 2.0 "" "" 0.5936376637948086 992.2952232063959 0.7323538448242547
6795 336.0 574.6515125491514 121.56579090401803 1271.5 1.0 -7.956056032720725 216.29866662648496 4.359029069420207 9.0 4.4 1.182 2.0 "" "" 0.4883914774963054 403.08572164513345 0.7323538448242547
6796 336.0 421.6801571285393 58.299561952866625 1271.5 1.0 -24.86559282185447 69.07788951326778 4.231291671772675 9.0 4.4 1.182 2.0 "" "" 0.20587707679892886 313.3805951756727 0.7323538448242547
6797 336.0 1260.5646074915226 540.4812350717543 1271.5 1.0 2.489795090600454 313.3106081817205 3.7513581373748406 9.0 4.4 1.182 2.0 "" "" 0.17154189447682547 670.0833724197681 0.7323538448242547
6798 336.0 1135.4612468966009 169.63559333161012 1271.5 1.0 6.0126811627108525 111.04465781334486 2.556630170014834 9.0 4.4 1.182 3.0 "" "" 0.5159883431668739 915.8256535649907 0.7323538448242547
6799 336.0 613.0486148967528 113.226553080679 1271.5 1.0 -11.371211007422183 119.5162784656979 1.3392267960486435 9.0 4.4 1.182 3.0 "" "" 0.28451869967218474 449.8220618160738 0.7323538448242547
