zdm/data/Surveys/MC_CRAFT_ICS_1300_2.ecsv
# %ECSV 1.0
# ---
# datatype:
# - {name: TNS, datatype: string}
# - {name: BW, datatype: float64}
# - {name: DM, datatype: float64}
# - {name: DMG, datatype: float64}
# - {name: FBAR, datatype: float64}
# - {name: FRES, datatype: float64}
# - {name: Gb, datatype: float64}
# - {name: Gl, datatype: float64}
# - {name: SNR, datatype: float64}
# - {name: SNRTHRESH, datatype: float64}
# - {name: THRESH, datatype: float64}
# - {name: TRES, datatype: float64}
# - {name: WIDTH, datatype: float64}
# - {name: XDec, datatype: string}
# - {name: XRA, datatype: string}
# - {name: Z, datatype: float64}
# - {name: DMEG, datatype: float64}
# - {name: B, datatype: float64}
# meta: {survey_data: '{"observing": {"MAX_IDT": 4096}, "telescope": {"BEAM": "ASKAP_1300", "DIAM": 12.0, "NBEAMS": 36, "NBINS": 5}}'}
# schema: astropy-2.0
TNS BW DM DMG FBAR FRES Gb Gl SNR SNRTHRESH THRESH TRES WIDTH XDec XRA Z DMEG B
[from data line 8356]
8356 336.0 501.8619502195471 104.36897707477146 1271.5 1.0 12.222441200656572 139.0518201974223 1.02930491951772 9.0 4.4 1.182 2.0 "" "" 0.31415162087702153 347.49297314477565 0.7323538448242547
8357 336.0 749.0063342517653 49.893333047129246 1271.5 1.0 -40.48621411415383 4.990835016619566 1.749363371367224 9.0 4.4 1.182 3.0 "" "" 0.27820447420210326 649.1130012046361 0.7323538448242547
8358 336.0 432.96978559066906 100.06746731687124 1271.5 1.0 17.974734614625895 35.45352637988001 1.1668446507777372 9.0 4.4 1.182 2.0 "" "" 0.24596484622773407 282.90231827379785 0.7323538448242547
8359 336.0 734.9499663977739 143.66548608569306 1271.5 1.0 -7.092768518522685 129.99865918845146 1.2930559233996952 9.0 4.4 1.182 2.0 "" "" 0.5620112341311904 541.2844803120809 0.7323538448242547
8360 336.0 718.7792943364915 23.159143927448877 1271.5 1.0 66.54377481985051 11.726518838975464 1.4050089101771297 9.0 4.4 1.182 2.0 "" "" 0.4356440412510175 645.6201504090426 0.7323538448242547
8361 336.0 672.903162273933 163.9593999063749 1271.5 1.0 -2.3812220064081577 146.74858895878518 1.4417924322426825 9.0 4.4 1.182 2.0 "" "" 0.14670877334855623 458.9437623675581 0.7323538448242547
8362 336.0 1122.174623369054 35.852730262319106 1271.5 1.0 -57.38436492787156 324.77701547206647 1.0788278772832545 9.0 4.4 1.182 2.0 "" "" 0.8131079942011409 1036.321893106735 0.7323538448242547
8363 336.0 438.2433485486026 275.2871499268718 1271.5 1.0 8.205488329664576 359.1420925521086 2.526557463004133 9.0 4.4 1.182 2.0 "" "" 0.10596420722992322 112.95619862173083 0.7323538448242547
8364 336.0 1059.167064871796 39.60715229741535 1271.5 1.0 -52.314635196154946 6.031733161463042 2.0376145224992968 9.0 4.4 1.182 2.0 "" "" 0.22732753696883007 969.5599125743805 0.7323538448242547
8365 336.0 516.945250181581 104.42465402625764 1271.5 1.0 -12.093453801236388 170.0092235463017 1.6273427501057085 9.0 4.4 1.182 1.0 "" "" 0.4038105976371472 362.5205961553233 0.7323538448242547
8366 336.0 1219.7613153899738 435.98852670494045 1271.5 1.0 -5.1185674043150895 0.05542677006844521 1.2450377532438108 9.0 4.4 1.182 3.0 "" "" 0.3390015127514274 733.7727886850334 0.7323538448242547
8367 336.0 349.3851187370459 75.53844001246928 1271.5 1.0 -21.486646895140495 48.93953841255033 1.2944892843696016 9.0 4.4 1.182 2.0 "" "" 0.1403993741627017 223.84667872457663 0.7323538448242547
8368 336.0 289.45578557598174 23.725782618482924 1271.5 1.0 59.93632249323678 38.859588908920685 1.1951458730954432 9.0 4.4 1.182 3.0 "" "" 0.30669562701534026 215.73000295749884 0.7323538448242547
8369 336.0 330.39183739370594 63.63438009967723 1271.5 1.0 -24.810260083059948 176.90640199040524 22.88769510098471 9.0 4.4 1.182 1.0 "" "" 0.04891871147671173 216.75745729402874 0.7323538448242547
8370 336.0 664.5331828105841 36.05740113918437 1271.5 1.0 52.884216148742134 170.39996377944354 2.005102639500555 9.0 4.4 1.182 2.0 "" "" 0.15402232160752422 578.4757816713998 0.7323538448242547
8371 336.0 633.5640277412017 59.58495714234374 1271.5 1.0 23.763263555563533 72.53463587301408 2.0870002417191316 9.0 4.4 1.182 3.0 "" "" 0.3067648762508317 523.979070598858 0.7323538448242547
8372 336.0 767.50064473333 65.67559179304205 1271.5 1.0 22.36929122931878 62.164847857206695 1.7867025213033965 9.0 4.4 1.182 2.0 "" "" 0.7320322055169375 651.825052940288 0.7323538448242547
8373 336.0 325.4913559484872 68.28050813223189 1271.5 1.0 22.092989185729433 204.44258433767519 11.471221048835481 9.0 4.4 1.182 2.0 "" "" 0.05814661014685736 207.2108478162553 0.7323538448242547
8374 336.0 286.43320868071896 38.54611444402427 1271.5 1.0 -44.51804041801654 130.57072225445918 1.2531405279305439 9.0 4.4 1.182 1.0 "" "" 0.1465758093595217 197.88709423669468 0.7323538448242547
8375 336.0 739.0157155026013 597.9396170014727 1271.5 1.0 2.45036457656998 35.906250648644054 7.591615957210755 9.0 4.4 1.182 1.0 "" "" 0.07651261623071044 91.0760985011286 0.7323538448242547
8376 336.0 509.4002538923587 28.443166246516377 1271.5 1.0 51.73733330184727 15.01354737906027 6.678704986659622 9.0 4.4 1.182 2.0 "" "" 0.0564612392552508 430.9570876458423 0.7323538448242547
8377 336.0 443.9718998369852 58.58319913209671 1271.5 1.0 -24.416226570731933 103.39738442582593 1.3287136661494903 9.0 4.4 1.182 2.0 "" "" 0.2163737728589093 335.3887007048885 0.7323538448242547
8378 336.0 565.041121472539 40.218427634315205 1271.5 1.0 47.15143833200474 307.12783092856824 1.3199375741552875 9.0 4.4 1.182 2.0 "" "" 0.40281876328374555 474.8226938382238 0.7323538448242547
8379 336.0 293.06680460051786 81.41344223473412 1271.5 1.0 -24.76448124978798 336.9571745261442 10.307927537837854 9.0 4.4 1.182 2.0 "" "" 0.0824608927725665 161.65336236578372 0.7323538448242547
8380 336.0 468.05566122925177 36.64065499816417 1271.5 1.0 44.31627507582063 68.79170718110466 1.3055409698930605 9.0 4.4 1.182 2.0 "" "" 0.41777005284548685 381.4150062310876 0.7323538448242547
8381 336.0 389.38407695874383 156.79796623363978 1271.5 1.0 5.087876278617201 134.64795526398476 1.973614056064301 9.0 4.4 1.182 1.0 "" "" 0.1380616249970042 182.58611072510405 0.7323538448242547
8382 336.0 407.42494367085084 30.805197692585903 1271.5 1.0 -76.05568386558816 342.56339452943007 2.5213085678675067 9.0 4.4 1.182 2.0 "" "" 0.24615065352786003 326.6197459782649 0.7323538448242547
8383 336.0 380.85855594376415 104.90363573163148 1271.5 1.0 18.958121453094762 325.91894083943225 1.9905880851846365 9.0 4.4 1.182 3.0 "" "" 0.12054824360277305 225.95492021213266 0.7323538448242547
8384 336.0 383.12116741097407 120.64399716740132 1271.5 1.0 -8.137117964637886 214.26921833591223 1.3076473511053934 9.0 4.4 1.182 2.0 "" "" 0.18836816145259308 212.47717024357274 0.7323538448242547
8385 336.0 492.7268746538412 42.10441403969015 1271.5 1.0 37.56889403060681 45.3182852363304 4.374295236552649 9.0 4.4 1.182 1.0 "" "" 0.2779281763013629 400.62246061415107 0.7323538448242547
8386 336.0 270.1775853256653 32.536634782566644 1271.5 1.0 -62.37488576850229 83.51501085773083 1.7647976400724694 9.0 4.4 1.182 1.0 "" "" 0.24436344825284118 187.64095054309863 0.7323538448242547
8387 336.0 570.7157287799138 128.80984186897504 1271.5 1.0 -7.149028706682172 198.69816142984948 2.0788005097587963 9.0 4.4 1.182 2.0 "" "" 0.37859669132891316 391.90588691093876 0.29862230947307733
8388 336.0 1063.1321727037543 39.80435206018523 1271.5 1.0 -44.84402921195982 154.33670410348512 3.8304629477568994 9.0 4.4 1.182 2.0 "" "" 0.08555101695199382 973.3278206435691 0.7323538448242547
8389 336.0 436.13583039564656 62.56367829797874 1271.5 1.0 -23.586119660487277 127.05890076628229 1.7131825158143876 9.0 4.4 1.182 1.0 "" "" 0.3732818303307074 323.5721520976678 0.7323538448242547
8390 336.0 477.18734946024176 79.31993400788602 1271.5 1.0 21.638831557165563 274.8033304980573 1.1281061816163427 9.0 4.4 1.182 3.0 "" "" 0.3599565794253763 347.8674154523558 0.7323538448242547
8391 336.0 772.2927300686431 268.5357639616522 1271.5 1.0 5.7509908454589125 56.09258350336591 1.4497755315061098 9.0 4.4 1.182 2.0 "" "" 0.4859952170491201 453.75696610699083 0.7323538448242547
8392 336.0 248.21806480264652 59.65817821685271 1271.5 1.0 28.347955262944748 37.01947668490846 9.11868084925666 9.0 4.4 1.182 3.0 "" "" 0.012182572517394878 138.5598865857938 0.04584765382296072
8393 336.0 2115.4385130484056 1436.0966785966295 1271.5 1.0 -0.19612852569177922 11.614042229438732 1.5822803845098656 9.0 4.4 1.182 2.0 "" "" 0.1855365516896602 629.3418344517761 0.29862230947307733
8394 336.0 433.55886971132503 96.97981011302045 1271.5 1.0 -12.416931061250143 233.49181106329212 2.8451881100368137 9.0 4.4 1.182 2.0 "" "" 0.13290548545692304 286.5790595983046 0.7323538448242547
8395 336.0 274.38204265974167 63.50852529935722 1271.5 1.0 -22.756328635707 207.21215293245183 1.6122881500990658 9.0 4.4 1.182 2.0 "" "" 0.17161164141956636 160.87351736038445 0.7323538448242547
8396 336.0 260.0944404499287 60.01734298073821 1271.5 1.0 23.895361963408863 110.0900287927146 1.0356423272187896 9.0 4.4 1.182 3.0 "" "" 0.13337442409651964 150.07709746919048 0.7323538448242547
8397 336.0 555.2844194264179 30.47158892841193 1271.5 1.0 71.34736681918903 115.70995684367114 2.1217584160675624 9.0 4.4 1.182 2.0 "" "" 0.36207773909242874 474.812830498006 0.7323538448242547
8398 336.0 540.3722069656744 177.85333156199704 1271.5 1.0 8.79699597179687 57.39823998980552 1.3634595335914368 9.0 4.4 1.182 2.0 "" "" 0.29023477300453976 312.51887540367744 0.7323538448242547
8399 336.0 402.5034036392901 98.52448891483523 1271.5 1.0 -19.724590995029946 25.709715700336915 1.0356265714601023 9.0 4.4 1.182 2.0 "" "" 0.22895253748592947 253.9789147244549 0.7323538448242547
8400 336.0 468.7135146346756 131.4799785633761 1271.5 1.0 6.916717805487933 224.07288235705633 3.892847010380753 9.0 4.4 1.182 3.0 "" "" 0.033982170308507545 287.2335360712995 0.29862230947307733
8401 336.0 780.5984076671282 67.3543259766416 1271.5 1.0 -22.20262343206109 192.24096604125532 1.3662190456047874 9.0 4.4 1.182 2.0 "" "" 0.333586242218732 663.2440816904866 0.7323538448242547
8402 336.0 361.2450588440685 116.33440341326396 1271.5 1.0 17.522241421284516 319.8638087281873 1.5067207007082777 9.0 4.4 1.182 2.0 "" "" 0.04892018034699274 194.91065543080458 0.11583478015912163
8403 336.0 207.53411180713823 35.84354287300489 1271.5 1.0 -58.09185430382173 333.7459870985567 4.512532796569458 9.0 4.4 1.182 2.0 "" "" 0.10961101971671611 121.69056893413332 0.7323538448242547
8404 336.0 650.7230845721193 96.13392816812926 1271.5 1.0 -12.785280893503037 235.94702673631437 8.736448648053164 9.0 4.4 1.182 2.0 "" "" 0.07522323559103196 504.5891564039901 0.7323538448242547
8405 336.0 1006.8348509925944 32.539707788600445 1271.5 1.0 61.88680498350334 262.6773556284039 1.0514036667870597 9.0 4.4 1.182 1.0 "" "" 0.7539149937133283 924.2951432039939 0.7323538448242547
8406 336.0 430.4794117731457 51.99442792975405 1271.5 1.0 -27.626432784333225 85.84641541506763 2.9951619970614076 9.0 4.4 1.182 2.0 "" "" 0.15149090904446755 328.48498384339166 0.7323538448242547
8407 336.0 1025.9134803847178 145.2792763119347 1271.5 1.0 14.86265455152662 260.44203467917254 3.949418354823907 9.0 4.4 1.182 2.0 "" "" 0.18928993331303842 830.6342040727831 0.7323538448242547
8408 336.0 306.0691612516659 98.50591744333622 1271.5 1.0 -14.00114437175826 249.56726212724635 2.1254459276520414 9.0 4.4 1.182 1.0 "" "" 0.10952612656927332 157.56324380832967 0.7323538448242547
8409 336.0 459.09572829652205 77.00785685052807 1271.5 1.0 24.751663436840712 305.41120860111624 1.1861796368613169 9.0 4.4 1.182 2.0 "" "" 0.34585535871505735 332.087871445994 0.7323538448242547
8410 336.0 1473.0725469209804 34.789748439722416 1271.5 1.0 -54.485525452865254 274.2850082566909 2.0256511424988908 9.0 4.4 1.182 3.0 "" "" 0.1587030112206243 1388.282798481258 0.7323538448242547
8411 336.0 515.904324074575 256.8778130318172 1271.5 1.0 -8.362307242320695 14.892826420222933 2.2216822687178848 9.0 4.4 1.182 2.0 "" "" 0.11413562196256602 209.02651104275787 0.7323538448242547
8412 336.0 416.4171473295823 36.89142140348262 1271.5 1.0 51.877957908379145 207.67243518247963 1.0748493555911585 9.0 4.4 1.182 1.0 "" "" 0.4164815335433112 329.52572592609965 0.7323538448242547
8413 336.0 440.8665185766136 243.16985308337024 1271.5 1.0 -7.123735493341899 249.46368305324316 1.2434203564775486 9.0 4.4 1.182 2.0 "" "" 0.11209437660489383 147.69666549324336 0.7323538448242547
8414 336.0 475.5631340083471 135.06404058105394 1271.5 1.0 -8.471035840840544 123.60331550414045 14.18333661164231 9.0 4.4 1.182 2.0 "" "" 0.039314176405684 290.49909342729313 0.7323538448242547
8415 336.0 370.5749989750841 33.1833911641435 1271.5 1.0 -58.34841058233538 78.85797014052682 3.269606346703148 9.0 4.4 1.182 2.0 "" "" 0.09367631832245965 287.3916078109406 0.7323538448242547
8416 336.0 643.2191666586759 266.43062255095833 1271.5 1.0 -5.538697927306257 283.7582001654828 3.3987522596049313 9.0 4.4 1.182 3.0 "" "" 0.18298766690654458 326.7885441077176 0.7323538448242547
8417 336.0 449.1102932290657 119.99729444806405 1271.5 1.0 -8.800523869847039 190.0902023017392 1.9683027366356067 9.0 4.4 1.182 2.0 "" "" 0.29302469127350905 279.11299878100164 0.7323538448242547
8418 336.0 358.71873029319755 96.92662656880175 1271.5 1.0 20.115172050707844 310.7522062722618 1.1179491179153942 9.0 4.4 1.182 1.0 "" "" 0.260297517573706 211.79210372439582 0.7323538448242547
8419 336.0 331.34554807785224 66.16790582849032 1271.5 1.0 -23.39934415564048 180.7192124832151 1.2302615565156416 9.0 4.4 1.182 2.0 "" "" 0.11623756998004002 215.17764224936192 0.7323538448242547
8420 336.0 1358.622962040358 32.67400970764195 1271.5 1.0 57.74288848244101 121.65269315200776 1.3831448343167911 9.0 4.4 1.182 3.0 "" "" 0.30178433632271656 1275.948952332716 0.7323538448242547
8421 336.0 748.8055715020536 32.13800273508839 1271.5 1.0 -62.574776318734976 118.04247680749714 2.3812154671777153 9.0 4.4 1.182 2.0 "" "" 0.40208519544277 666.6675687669651 0.7323538448242547
8422 336.0 736.1111966966755 111.98556157972709 1271.5 1.0 -11.949555410100135 85.24566188687241 1.3231776697481235 9.0 4.4 1.182 3.0 "" "" 0.38732738258873517 574.1256351169484 0.7323538448242547
8423 336.0 473.42560964364026 56.933001266121 1271.5 1.0 27.41025238143005 51.99017916322956 2.698975957729647 9.0 4.4 1.182 2.0 "" "" 0.28286406992384955 366.4926083775193 0.7323538448242547
8424 336.0 1526.1963036314712 125.34178225869469 1271.5 1.0 8.083740684739457 166.8539318121133 2.0431148940728625 9.0 4.4 1.182 2.0 "" "" 0.3166824107175118 1350.8545213727766 0.7323538448242547
8425 336.0 983.9167877473285 45.499885232127156 1271.5 1.0 -35.91090586006998 253.61033621074503 2.659304395070261 9.0 4.4 1.182 2.0 "" "" 0.8591663295809688 888.4169025152014 0.7323538448242547
8426 336.0 256.5764127496491 88.72688928491318 1271.5 1.0 15.373310796570578 239.78842633718156 1.408029066773491 9.0 4.4 1.182 3.0 "" "" 0.12290530601609528 117.84952346473588 0.7323538448242547
8427 336.0 285.6370054991135 34.956625414378905 1271.5 1.0 -61.90285558102378 14.42941652480609 4.4465067653027885 9.0 4.4 1.182 2.0 "" "" 0.09559131219413389 200.68038008473462 0.7323538448242547
8428 336.0 475.2180994298652 130.3027161391341 1271.5 1.0 -6.753361684629572 208.79672467828937 1.9308526153190018 9.0 4.4 1.182 2.0 "" "" 0.24320763323914224 294.91538329073114 0.7323538448242547
8429 336.0 297.1580817620886 33.36467026417038 1271.5 1.0 -59.08603324535908 141.22839497195434 1.0245264569466899 9.0 4.4 1.182 3.0 "" "" 0.22359648360621537 213.7934114979182 0.7323538448242547
8430 336.0 192.30934828638166 71.65028712386653 1271.5 1.0 19.838738133509068 66.91702565165953 12.511455585383995 9.0 4.4 1.182 2.0 "" "" 0.0498474146958199 70.65906116251513 0.7323538448242547
8431 336.0 221.39462069698357 78.81535990057611 1271.5 1.0 -18.16082342341244 147.020173860503 8.83246365666498 9.0 4.4 1.182 2.0 "" "" 0.07696764841478045 92.57926079640745 0.7323538448242547
8432 336.0 443.41646150483075 88.46574069628812 1271.5 1.0 15.442267109949896 74.41660061833221 3.9018055396178832 9.0 4.4 1.182 2.0 "" "" 0.2964653228770895 304.95072080854266 0.7323538448242547
8433 336.0 1551.32544796925 233.35590051959934 1271.5 1.0 4.51023616396071 83.55900364697173 1.0137638486036396 9.0 4.4 1.182 2.0 "" "" 0.7417294605530791 1267.9695474496507 0.7323538448242547
8434 336.0 2358.8726383817416 37.305704679015925 1271.5 1.0 -45.6136219940158 237.1629772019855 1.2845421944598956 9.0 4.4 1.182 1.0 "" "" 0.5118382363727216 2271.5669337027257 0.7323538448242547
8435 336.0 1068.7401912690914 181.1121644201533 1271.5 1.0 1.342522707642441 128.07682557000248 1.3082409669302455 9.0 4.4 1.182 2.0 "" "" 0.3051076810332335 837.6280268489381 0.7323538448242547
8436 336.0 1194.460632908028 24.905486490820532 1271.5 1.0 67.3545152775526 347.4110099353748 2.5378988036416907 9.0 4.4 1.182 2.0 "" "" 0.582124553313974 1119.5551464172074 0.7323538448242547
