zdm/data/Surveys/parkes_mb_class_I_and_II.ecsv
# %ECSV 1.0
# ---
# datatype:
# - {name: TNS, datatype: string}
# - {name: BW, datatype: float64}
# - {name: DM, datatype: float64}
# - {name: DMG, datatype: float64}
# - {name: FBAR, datatype: float64}
# - {name: FRES, datatype: float64}
# - {name: Gb, datatype: float64}
# - {name: Gl, datatype: float64}
# - {name: SNR, datatype: float64}
# - {name: SNRTHRESH, datatype: float64}
# - {name: THRESH, datatype: float64}
# - {name: TRES, datatype: float64}
# - {name: WIDTH, datatype: float64}
# - {name: XA, datatype: string}
# - {name: XB, datatype: string}
# - {name: XC, datatype: string}
# - {name: XDec, datatype: string}
# - {name: XRA, datatype: string}
# - {name: Z, datatype: string, subtype: 'float64[null]'}
# meta: !!omap
# - {survey_data: "{\n    \"observing\": {\n        \"NORM_FRB\": 12,\n        \"TOBS\": 164.4\n    },\n    \"telescope\": {\n       \
#     \ \"BEAM\": \"parkes_mb_log\",\n        \"DIAM\": 64.0,\n        \"NBEAMS\": 13\n    }\n}"}
# schema: astropy-2.0
TNS BW DM DMG FBAR FRES Gb Gl SNR SNRTHRESH THRESH TRES WIDTH XA XB XC XDec XRA Z
151230 337.0 960.4 48.0 1382.0 0.390625 34.8 239.0 17.0 10.0 0.5 0.128 4.4 2015/12/30 16:15:46.525 parkes -03:27:05 09:40:50 ""
160102 337.0 2596.1 36.0 1382.0 0.390625 -60.8 18.9 16.0 10.0 0.5 0.128 3.4 2016/01/02 08:28:39.374 parkes -30:10:50 22:38:49 ""
110220 337.0 944.38 36.0 1382.0 0.390625 -54.7663 50.829 49.0 9.0 0.5 0.128 5.6 2011/02/20 01:55:48.096 parkes -12:23:45 22:34:38 ""
110626 337.0 723.0 48.0 1382.0 0.390625 -41.7522 355.862 11.0 9.0 0.5 0.128 1.4 2011/06/26 21:33:17.477 parkes -44:44:19 21:03:43 ""
110703 337.0 1103.6 33.0 1382.0 0.390625 -59.0191 80.9978 16.0 9.0 0.5 0.128 4.3 2011/07/03 18:59:40.607 parkes -02:52:24 23:30:51 ""
090625 337.0 899.55 32.0 1382.0 0.390625 -60.0303 226.444 30.0 10.0 0.5 0.128 1.92 2009/06/25 21:53:51.379 parkes -29:55:36 03:07:47 ""
121002 337.0 1629.18 72.0 1382.0 0.390625 -26.2647 308.22 16.0 10.0 0.5 0.128 5.44 2012/10/02 13:09:18.436 parkes -85:11:53 18:14:47 ""
130626 337.0 952.4 65.0 1382.0 0.390625 27.4203 7.45003 21.0 10.0 0.5 0.128 1.98 2013/06/26 14:55:59.771 parkes -07:27:48 16:27:06 ""
130628 337.0 469.88 52.0 1382.0 0.390625 30.6556 225.955 29.0 10.0 0.5 0.128 0.64 2013/06/28 03:58:00.178 parkes 03:26:16 09:03:02 ""
130729 337.0 861.0 32.0 1382.0 0.390625 54.7446 324.788 14.0 10.0 0.5 0.128 15.61 2013/07/29 09:01:51.190 parkes -05:59:43 13:41:21 ""
120127 337.0 553.3 33.0 1382.0 0.390625 -66.2037 49.2871 11.0 9.0 0.5 0.128 1.1 2012/01/27 08:11:21.725 parkes -18:25:38 23:15:06 ""
131104 337.0 779.0 71.0 1382.0 0.390625 -21.9253 260.55 30.0 10.0 0.5 0.128 2.08 2013/11/04 18:04:11.200 parkes -51:16:40 06:44:10 ""
140514 337.0 562.7 36.0 1382.0 0.390625 -54.612 50.8413 16.0 10.0 0.5 0.128 2.8 2014/05/14 17:14:11.060 parkes -12:18:46 22:34:06 ""
180309 337.0 263.42 46.0 1382.0 0.390625 -45.4 10.9 2416.0 10.0 0.5 0.128 0.475 2018/03/09 02:49:32.990 parkes -33:58:44.5 21:24:43.8 ""
180311 337.0 1570.9 46.0 1382.0 0.390625 -43.7 337.3 11.5 10.0 0.5 0.128 13.4 2018/03/11 04:11:54.800 parkes -57:44:26.7 21:31:33.42 ""
150418 337.0 776.2 164.0 1382.0 0.390625 -3.2348 232.665 39.0 10.0 0.5 0.128 0.8 2015/04/18 04:29:06.657 parkes -19:00:40 07:16:35 ""
150610 337.0 1593.9 104.0 1382.0 0.390625 16.5 278.0 18.0 10.0 0.5 0.128 2.0 2015/06/10 05:26:59.396 parkes -40:05:23 10:44:26 ""
010125 337.0 790.0 105.0 1382.0 0.390625 -20.0206 356.641 17.0 7.0 0.5 0.128 9.4 2001/01/25 00:29:15.790 parkes -40:37:14 19:06:53 ""
010621 337.0 745.0 502.0 1382.0 0.390625 -4.00381 25.434 16.3 8.0 0.5 0.128 7.0 2001/06/21 13:02:11.299 parkes -08:29:35 18:52:05 ""
150215 337.0 1105.6 405.0 1382.0 0.390625 5.28092 24.6628 19.0 10.0 0.5 0.128 2.88 2015/02/15 20:41:41.714 parkes -04:54:15 18:17:27 ""
151206 337.0 1909.8 239.0 1382.0 0.390625 -8.5 32.6 10.0 10.0 0.5 0.128 3.0 2015/12/06 06:17:52.778 parkes -04:07:54 19:21:25 ""
171209 337.0 1457.4 329.0 1382.0 0.390625 6.24 332.2 40.0 10.0 0.5 0.128 2.5 2017/12/09 20:34:23.500 parkes -46:10:20 15:50:25 ""
180714 337.0 1467.92 254.0 1382.0 0.390625 8.72 14.8 22.0 10.0 0.5 0.128 2.9 2018/07/14 10:00:08.700 parkes -11:45:47 17:46:12 ""
