zdm/data/Surveys/Spectroscopic.ecsv
# %ECSV 1.0
# ---
# datatype:
# - {name: TNS, datatype: string}
# - {name: DM, datatype: float64}
# - {name: RA, datatype: string}
# - {name: DEC, datatype: string}
# - {name: Z, datatype: float64}
# - {name: SNR, datatype: float64}
# - {name: WIDTH, datatype: float64}
# - {name: Gl, unit: deg, datatype: float64}
# - {name: Gb, unit: deg, datatype: float64}
# - {name: DMG, datatype: float64}
# - {name: FBAR, datatype: float64}
# - {name: BW, datatype: float64}
# meta: !!omap
# - {survey_data: '{"observing": {"NORM_FRB": 17,"TOBS": 64.68,"MAX_IW": 8, "MAXWMETH": 2},
#                   "telescope": {"BEAM": "CRACO_900", "DMMASK": "craco_900_mask.npy",
#                                 "DIAM": 12.0, "NBEAMS": 1, "NBINS": 5, "FBAR": 906,
#                                 "TRES": 13.8, "FRES": 1.0, "THRESH": 1.01}}'}
TNS        DM             RA      DEC         Z                 SNR                   WIDTH        Gl      Gb     DMG           FBAR     BW
0    2334.5710018337304  00:00:00  00:00:00  3.038446245408985        42.9076170576045         -1.0    -1.0    -1.0    35.0    888     288     
1    1293.8332446347993  00:00:00  00:00:00  0.8413293511214376       12.346871755650161       -1.0    -1.0    -1.0    35.0    888     288     
2    1130.9791692249696  00:00:00  00:00:00  0.6589650136717322       16.45799179528472        -1.0    -1.0    -1.0    35.0    888     288     
3    948.9962810274221   00:00:00  00:00:00  1.0629417961000824       12.899405096865053       -1.0    -1.0    -1.0    35.0    888     288     
4    3302.7414319309637  00:00:00  00:00:00  3.4842119213365517       10.896087814782916       -1.0    -1.0    -1.0    35.0    888     288     
5    789.2339950025221   00:00:00  00:00:00  0.25506480932174347      15.974081920078653       -1.0    -1.0    -1.0    35.0    888     288     
6    322.2960237321481   00:00:00  00:00:00  0.27128843344528         41.61528388827413        -1.0    -1.0    -1.0    35.0    888     288     
7    291.26523564494755  00:00:00  00:00:00  0.4466332273656116       35.39286498287345        -1.0    -1.0    -1.0    35.0    888     288     
8    265.6172817387779   00:00:00  00:00:00  0.18436196594727836      17.005499594805812       -1.0    -1.0    -1.0    35.0    888     288     
9    837.3735197561044   00:00:00  00:00:00  0.6950751437047783       22.368861955427324       -1.0    -1.0    -1.0    35.0    888     288     
10   430.42288234797786  00:00:00  00:00:00  0.556902505194651        31.14684691070062        -1.0    -1.0    -1.0    35.0    888     288     
11   338.8720812210228   00:00:00  00:00:00  0.4188292757070367       11.514360186435827       -1.0    -1.0    -1.0    35.0    888     288     
12   459.8929794701774   00:00:00  00:00:00  0.5903928193481528       28.970291709672008       -1.0    -1.0    -1.0    35.0    888     288     
13   514.2392669873378   00:00:00  00:00:00  0.4823674377490287       26.23234752429593        -1.0    -1.0    -1.0    35.0    888     288     
14   444.82316308571853  00:00:00  00:00:00  0.18093771758703725      10.224780135231132       -1.0    -1.0    -1.0    35.0    888     288     
15   423.4287617724789   00:00:00  00:00:00  0.1281487760475812       16.93166467819824        -1.0    -1.0    -1.0    35.0    888     288     
16   250.18714908014232  00:00:00  00:00:00  0.14584265666328355      16.825688142584564       -1.0    -1.0    -1.0    35.0    888     288     
17   230.04604721703424  00:00:00  00:00:00  0.22897196618507287      30.06214700360865        -1.0    -1.0    -1.0    35.0    888     288     
18   620.1606829061071   00:00:00  00:00:00  0.32878933144592676      48.42640123698046        -1.0    -1.0    -1.0    35.0    888     288     
19   548.9677620404942   00:00:00  00:00:00  0.205349720070631        14.25071741051486        -1.0    -1.0    -1.0    35.0    888     288     
20   208.45270441661265  00:00:00  00:00:00  0.15446192559965205      11.795177754311347       -1.0    -1.0    -1.0    35.0    888     288     
21   1456.3273969505499  00:00:00  00:00:00  1.1381431565978972       15.265200782969          -1.0    -1.0    -1.0    35.0    888     288     
22   454.31237113237376  00:00:00  00:00:00  0.30595939773998737      14.83980914864711        -1.0    -1.0    -1.0    35.0    888     288     
23   188.43753414368308  00:00:00  00:00:00  0.10302957505083073      26.190444971253193       -1.0    -1.0    -1.0    35.0    888     288     
24   432.25074329840373  00:00:00  00:00:00  0.4754213259005369       46.827196897045056       -1.0    -1.0    -1.0    35.0    888     288     
25   579.5866100250605   00:00:00  00:00:00  0.8647609520520425       15.689862449648482       -1.0    -1.0    -1.0    35.0    888     288     
26   5036.7746606005     00:00:00  00:00:00  0.5002904692937721       11.894270840857446       -1.0    -1.0    -1.0    35.0    888     288     
27   143.49252810767797  00:00:00  00:00:00  0.031013550446277915     484.69318911542297       -1.0    -1.0    -1.0    35.0    888     288     
28   896.2325667562126   00:00:00  00:00:00  0.8417691323648457       18.995660966151245       -1.0    -1.0    -1.0    35.0    888     288     
29   695.548826635149    00:00:00  00:00:00  0.6255976121707891       12.325923688964098       -1.0    -1.0    -1.0    35.0    888     288     
30   518.6973214909851   00:00:00  00:00:00  0.23881084420956872      40.622240538994284       -1.0    -1.0    -1.0    35.0    888     288     
31   820.101280852925    00:00:00  00:00:00  1.1612203896837485       11.906421530120177       -1.0    -1.0    -1.0    35.0    888     288     
32   805.6084061258246   00:00:00  00:00:00  0.2630165572065694       11.353905426206259       -1.0    -1.0    -1.0    35.0    888     288     
33   419.29611869030475  00:00:00  00:00:00  0.20647894694486463      16.60160673523299        -1.0    -1.0    -1.0    35.0    888     288     
34   155.6073504242375   00:00:00  00:00:00  0.13973452765175293      66.13285676320632        -1.0    -1.0    -1.0    35.0    888     288     
35   1147.6509354631635  00:00:00  00:00:00  1.0136845781113837       10.989377138257774       -1.0    -1.0    -1.0    35.0    888     288     
36   434.9054218021994   00:00:00  00:00:00  0.392463403996419        238.5088838108578        -1.0    -1.0    -1.0    35.0    888     288     
37   310.16626884466916  00:00:00  00:00:00  0.2231164551134546       14.360447206185484       -1.0    -1.0    -1.0    35.0    888     288     
38   257.9624832084242   00:00:00  00:00:00  0.22600406680326088      21.270338041223077       -1.0    -1.0    -1.0    35.0    888     288     
39   323.316432591907    00:00:00  00:00:00  0.32121684250403904      40.66596088103641        -1.0    -1.0    -1.0    35.0    888     288     
40   387.26342412555556  00:00:00  00:00:00  0.539696339706405        61.00023532034031        -1.0    -1.0    -1.0    35.0    888     288     
41   275.28452072976125  00:00:00  00:00:00  0.13785979810086718      48.83811893549135        -1.0    -1.0    -1.0    35.0    888     288     
42   1067.4327278110532  00:00:00  00:00:00  0.15170970398287423      20.27598540262997        -1.0    -1.0    -1.0    35.0    888     288     
43   730.1731714209269   00:00:00  00:00:00  0.4293026776986884       11.312977703982753       -1.0    -1.0    -1.0    35.0    888     288     
44   879.3689116020875   00:00:00  00:00:00  0.6998025437869662       20.44890692681992        -1.0    -1.0    -1.0    35.0    888     288     
45   140.53262627190654  00:00:00  00:00:00  0.12214775369962899      12.864108327165525       -1.0    -1.0    -1.0    35.0    888     288     
46   138.60386510840408  00:00:00  00:00:00  0.07701889006245974      67.09929347610452        -1.0    -1.0    -1.0    35.0    888     288     
47   457.39367798062347  00:00:00  00:00:00  0.33506149346301406      126.10472883527777       -1.0    -1.0    -1.0    35.0    888     288     
48   720.9874661585104   00:00:00  00:00:00  0.65927892450881         14.19983264302042        -1.0    -1.0    -1.0    35.0    888     288     
49   272.4500208102785   00:00:00  00:00:00  0.10034424225034373      23.153353203332813       -1.0    -1.0    -1.0    35.0    888     288     
50   229.67723852719107  00:00:00  00:00:00  0.1769219063231704       15.939674250127918       -1.0    -1.0    -1.0    35.0    888     288     
51   331.58825171496477  00:00:00  00:00:00  0.28689751062154084      35.76985881730512        -1.0    -1.0    -1.0    35.0    888     288     
52   775.9942188826124   00:00:00  00:00:00  0.9095669398984454       20.787372046573893       -1.0    -1.0    -1.0    35.0    888     288     
53   491.54267256019284  00:00:00  00:00:00  0.40654431593667284      15.873128885187782       -1.0    -1.0    -1.0    35.0    888     288     
54   529.128624543456    00:00:00  00:00:00  0.16591623334154817      30.946910009847507       -1.0    -1.0    -1.0    35.0    888     288     
55   399.1055744918342   00:00:00  00:00:00  0.292741907742198        10.88583325549367        -1.0    -1.0    -1.0    35.0    888     288     
56   431.0128668027263   00:00:00  00:00:00  0.3422864045041924       10.468990242397023       -1.0    -1.0    -1.0    35.0    888     288     
57   190.52132889218325  00:00:00  00:00:00  0.15974983243989516      16.66318259472948        -1.0    -1.0    -1.0    35.0    888     288     
58   113.15491238877307  00:00:00  00:00:00  0.08049647097062486      52.02458333198281        -1.0    -1.0    -1.0    35.0    888     288     
59   559.3752828715894   00:00:00  00:00:00  0.7291607156573523       21.37087749061021        -1.0    -1.0    -1.0    35.0    888     288     
60   1013.2533721372135  00:00:00  00:00:00  0.7908629943907453       14.372771247543605       -1.0    -1.0    -1.0    35.0    888     288     
61   532.6898941820887   00:00:00  00:00:00  0.18519327500192803      29.232208234528766       -1.0    -1.0    -1.0    35.0    888     288     
62   1042.8613965606653  00:00:00  00:00:00  1.156082456130434        12.063938525273805       -1.0    -1.0    -1.0    35.0    888     288     
63   911.7804794768108   00:00:00  00:00:00  1.2696671155527066       14.290569605992246       -1.0    -1.0    -1.0    35.0    888     288     
64   622.5786144978405   00:00:00  00:00:00  0.2321421419770171       86.80356920697237        -1.0    -1.0    -1.0    35.0    888     288     
65   691.7803873564447   00:00:00  00:00:00  0.566082665030762        12.899063417967223       -1.0    -1.0    -1.0    35.0    888     288     
66   425.79471677447805  00:00:00  00:00:00  0.5583782935569813       18.002963736786747       -1.0    -1.0    -1.0    35.0    888     288     
67   897.0848483985724   00:00:00  00:00:00  0.7796414547772865       14.75432572849072        -1.0    -1.0    -1.0    35.0    888     288     
68   414.8587456661204   00:00:00  00:00:00  0.35815179074486864      10.944184015097571       -1.0    -1.0    -1.0    35.0    888     288     
69   663.4430327655946   00:00:00  00:00:00  0.686189269983845        30.236972085102074       -1.0    -1.0    -1.0    35.0    888     288     
70   148.69756109291183  00:00:00  00:00:00  0.08325560189967772      86.90035422142955        -1.0    -1.0    -1.0    35.0    888     288     
71   922.4396243398675   00:00:00  00:00:00  1.1998447582020602       19.921968002308613       -1.0    -1.0    -1.0    35.0    888     288     
72   152.9383064815016   00:00:00  00:00:00  0.09409709853261887      40.184792633110376       -1.0    -1.0    -1.0    35.0    888     288     
73   1294.9170003315799  00:00:00  00:00:00  0.8170199956237274       10.960537313759053       -1.0    -1.0    -1.0    35.0    888     288     
74   197.05046287007687  00:00:00  00:00:00  0.2951445206211712       11.866829353300446       -1.0    -1.0    -1.0    35.0    888     288     
75   1152.0351297397929  00:00:00  00:00:00  1.2414620010612536       22.166897711183683       -1.0    -1.0    -1.0    35.0    888     288     
76   574.7793210141199   00:00:00  00:00:00  0.14034792314624817      19.45858882312784        -1.0    -1.0    -1.0    35.0    888     288     
77   1001.7697964755914  00:00:00  00:00:00  1.0099828152335428       12.261260069068786       -1.0    -1.0    -1.0    35.0    888     288     
78   155.39833051180779  00:00:00  00:00:00  0.14777480836025308      15.413819616047661       -1.0    -1.0    -1.0    35.0    888     288     
79   721.4914716203449   00:00:00  00:00:00  0.2930000060556313       15.099468387889068       -1.0    -1.0    -1.0    35.0    888     288     
80   544.2632638190482   00:00:00  00:00:00  0.22073476719089818      16.937293035041506       -1.0    -1.0    -1.0    35.0    888     288     
81   413.7706136774752   00:00:00  00:00:00  0.42484396192703294      45.53821522890108        -1.0    -1.0    -1.0    35.0    888     288     
82   512.2968332797499   00:00:00  00:00:00  0.1996367236106445       65.41049706254961        -1.0    -1.0    -1.0    35.0    888     288     
83   604.6614773741395   00:00:00  00:00:00  0.5782372859791286       87.47806150668559        -1.0    -1.0    -1.0    35.0    888     288     
84   1518.9511344791895  00:00:00  00:00:00  0.4897463494697832       21.702413338435306       -1.0    -1.0    -1.0    35.0    888     288     
85   643.7854589158669   00:00:00  00:00:00  0.23960444371027312      10.123746839702076       -1.0    -1.0    -1.0    35.0    888     288     
86   126.27385897827892  00:00:00  00:00:00  0.14234129251922795      14.943311830534453       -1.0    -1.0    -1.0    35.0    888     288     
87   1301.6620748304958  00:00:00  00:00:00  1.5359454134547514       12.191300403208118       -1.0    -1.0    -1.0    35.0    888     288     
88   108.5822318161769   00:00:00  00:00:00  0.0627115809935812       98.37197874300217        -1.0    -1.0    -1.0    35.0    888     288     
89   454.4376843789279   00:00:00  00:00:00  0.16412206130274973      11.962983358961118       -1.0    -1.0    -1.0    35.0    888     288     
90   431.94315540593266  00:00:00  00:00:00  0.38273386600196013      46.19921231942614        -1.0    -1.0    -1.0    35.0    888     288     
91   563.7835858233838   00:00:00  00:00:00  0.6068433971386447       12.142815139562412       -1.0    -1.0    -1.0    35.0    888     288     
92   337.3005917385242   00:00:00  00:00:00  0.4972035990778346       14.345395179118563       -1.0    -1.0    -1.0    35.0    888     288     
93   147.4661489599992   00:00:00  00:00:00  0.06008499684256797      504.1131760754106        -1.0    -1.0    -1.0    35.0    888     288     
94   358.8683383314342   00:00:00  00:00:00  0.31826055609871906      18.326073205181974       -1.0    -1.0    -1.0    35.0    888     288     
95   326.5453849076442   00:00:00  00:00:00  0.36836205723592386      12.654073325103571       -1.0    -1.0    -1.0    35.0    888     288     
96   427.76775974005335  00:00:00  00:00:00  0.3607128402843972       25.75055977593358        -1.0    -1.0    -1.0    35.0    888     288     
97   1537.250617119628   00:00:00  00:00:00  0.9227705682639805       16.729141697437374       -1.0    -1.0    -1.0    35.0    888     288     
98   463.1233303504703   00:00:00  00:00:00  0.4693424438885805       11.12631974466657        -1.0    -1.0    -1.0    35.0    888     288     
99   323.04706650622984  00:00:00  00:00:00  0.2394133744966625       44.49101643122364        -1.0    -1.0    -1.0    35.0    888     288     
