zdm/data/optical/magnitudes_and_probabilities_vlt-fors2_R-SPECIAL.ecsv
# %ECSV 1.0
# ---
# datatype:
# - {name: FRB20180301A, datatype: float64}
# - {name: FRB20180916B, datatype: float64}
# - {name: FRB20190520B, datatype: float64}
# - {name: FRB20201124A, datatype: float64}
# - {name: FRB20210410D, datatype: float64}
# - {name: FRB20121102A, datatype: float64}
# - {name: FRB20180924B, datatype: float64}
# - {name: FRB20181112A, datatype: float64}
# - {name: FRB20190102C, datatype: float64}
# - {name: FRB20190608B, datatype: float64}
# - {name: FRB20190611B, datatype: float64}
# - {name: FRB20190711A, datatype: float64}
# - {name: FRB20190714A, datatype: float64}
# - {name: FRB20191001A, datatype: float64}
# - {name: FRB20200430A, datatype: float64}
# - {name: FRB20200906A, datatype: float64}
# - {name: FRB20210117A, datatype: float64}
# - {name: FRB20210320C, datatype: float64}
# - {name: FRB20210807D, datatype: float64}
# - {name: FRB20211127I, datatype: float64}
# - {name: FRB20211203C, datatype: float64}
# - {name: FRB20211212A, datatype: float64}
# - {name: FRB20220105A, datatype: float64}
# - {name: z, datatype: float64}
# - {name: n>lim, datatype: int64}
# - {name: n<lim, datatype: int64}
# - {name: p(z|DM), datatype: float64}
# - {name: mean, datatype: float64}
# - {name: median, datatype: float64}
# - {name: P(U|z), datatype: float64}
# - {name: d_L, unit: Mpc, datatype: float64}
# - {name: mu, unit: mag, datatype: float64}
# - {name: 'p(z|U,DM)', datatype: float64}
# - {name: P(U|z) * p(z|DM), datatype: float64}
# - {name: 'p(z|U,DM) gauss', datatype: float64}
# meta: !!omap
# - __serialized_columns__:
#     FRB20121102A:
#       __class__: astropy.units.quantity.Quantity
#       unit: !astropy.units.Unit {unit: ''}
#       value: !astropy.table.SerializedColumn {name: FRB20121102A}
#     FRB20180301A:
#       __class__: astropy.units.quantity.Quantity
#       unit: !astropy.units.Unit {unit: ''}
#       value: !astropy.table.SerializedColumn {name: FRB20180301A}
#     FRB20180916B:
#       __class__: astropy.units.quantity.Quantity
#       unit: !astropy.units.Unit {unit: ''}
#       value: !astropy.table.SerializedColumn {name: FRB20180916B}
#     FRB20180924B:
#       __class__: astropy.units.quantity.Quantity
#       unit: !astropy.units.Unit {unit: ''}
#       value: !astropy.table.SerializedColumn {name: FRB20180924B}
#     FRB20181112A:
#       __class__: astropy.units.quantity.Quantity
#       unit: !astropy.units.Unit {unit: ''}
#       value: !astropy.table.SerializedColumn {name: FRB20181112A}
#     FRB20190102C:
#       __class__: astropy.units.quantity.Quantity
#       unit: !astropy.units.Unit {unit: ''}
#       value: !astropy.table.SerializedColumn {name: FRB20190102C}
#     FRB20190520B:
#       __class__: astropy.units.quantity.Quantity
#       unit: !astropy.units.Unit {unit: ''}
#       value: !astropy.table.SerializedColumn {name: FRB20190520B}
#     FRB20190608B:
#       __class__: astropy.units.quantity.Quantity
#       unit: !astropy.units.Unit {unit: ''}
#       value: !astropy.table.SerializedColumn {name: FRB20190608B}
#     FRB20190611B:
#       __class__: astropy.units.quantity.Quantity
#       unit: !astropy.units.Unit {unit: ''}
#       value: !astropy.table.SerializedColumn {name: FRB20190611B}
#     FRB20190711A:
#       __class__: astropy.units.quantity.Quantity
[...]
#       __class__: astropy.units.quantity.Quantity
#       unit: !astropy.units.Unit {unit: ''}
#       value: !astropy.table.SerializedColumn {name: FRB20210807D}
#     FRB20211127I:
#       __class__: astropy.units.quantity.Quantity
#       unit: !astropy.units.Unit {unit: ''}
#       value: !astropy.table.SerializedColumn {name: FRB20211127I}
#     FRB20211203C:
#       __class__: astropy.units.quantity.Quantity
#       unit: !astropy.units.Unit {unit: ''}
#       value: !astropy.table.SerializedColumn {name: FRB20211203C}
#     FRB20211212A:
#       __class__: astropy.units.quantity.Quantity
#       unit: !astropy.units.Unit {unit: ''}
#       value: !astropy.table.SerializedColumn {name: FRB20211212A}
#     FRB20220105A:
#       __class__: astropy.units.quantity.Quantity
#       unit: !astropy.units.Unit {unit: ''}
#       value: !astropy.table.SerializedColumn {name: FRB20220105A}
#     d_L:
#       __class__: astropy.units.quantity.Quantity
#       unit: !astropy.units.Unit {unit: Mpc}
#       value: !astropy.table.SerializedColumn {name: d_L}
#     mu:
#       __class__: astropy.units.quantity.Quantity
#       unit: !astropy.units.Unit {unit: mag}
#       value: !astropy.table.SerializedColumn {name: mu}
# schema: astropy-2.0
FRB20180301A FRB20180916B FRB20190520B FRB20201124A FRB20210410D FRB20121102A FRB20180924B FRB20181112A FRB20190102C FRB20190608B FRB20190611B FRB20190711A FRB20190714A FRB20191001A FRB20200430A FRB20200906A FRB20210117A FRB20210320C FRB20210807D FRB20211127I FRB20211203C FRB20211212A FRB20220105A z n>lim n<lim p(z|DM) mean median P(U|z) d_L mu p(z|U,DM) "P(U|z) * p(z|DM)" "p(z|U,DM) gauss"
[from data line 1300]
28.261230008465667 32.45950057164912 30.756785357737577 28.338778012542846 33.96999401097598 30.374980224607327 29.230246843193942 27.51693575295329 29.21099541317675 27.637855908566852 30.19046894055591 28.40345413044023 29.22177849161755 28.00975330248591 32.21318643979576 26.909178553965006 31.137893364574367 27.500296006976015 27.569711288314732 25.778149681176092 26.182447381184737 29.057647493891068 30.410881121747284 3.9024512256128063 21 2 0.0 29.145310795677993 29.057647493891068 0.9130434782608695 35658.83585583826 47.760835803894054 0.0 0.0 2.045768290184538e-28
28.263563667170768 32.46483567549747 30.758966451462044 28.34131947658765 33.97515191542701 30.376245370034518 29.233456855697078 27.519109279593867 29.213245217244662 27.64063784843949 30.193107801119954 28.405644757926297 29.22484745146582 28.01332145056252 32.21676597436642 26.911853725658503 31.139828821425965 27.50303852585396 27.571400285699998 25.780581780014238 26.18500052602558 29.061396217065077 30.413785073252505 3.905447723861931 21 2 0.0 29.14813496293875 29.061396217065077 0.9130434782608695 35691.44625119367 47.762820731678985 0.0 0.0 1.775350480895116e-28
28.265896556675877 32.47023004472905 30.7611639233579 28.343852595216497 33.980305460584454 30.377563816654444 29.23665692197595 27.52130520495209 29.215508853860875 27.64341962820629 30.195744435165505 28.407825149616496 29.22791263667868 28.016912611477732 32.220349068671155 26.91452797573557 31.141807765766764 27.50576802312078 27.573083283423276 25.78300652236626 26.18754251124187 29.065130731778268 30.416679828024048 3.9084442221110556 21 2 0.0 29.15096493692521 29.065130731778268 0.9130434782608695 35724.06014772071 47.76480405952947 0.0 0.0 1.5404369225574178e-28
28.268264150649607 32.475637340572845 30.76339791639154 28.34642833566413 33.98556821595152 30.378882593372264 29.239925822220453 27.52355194334658 29.21781841479268 27.64625885878143 30.198432270045494 28.41003333326327 29.23103630116806 28.020545080801078 32.223994830480066 26.917244078578854 31.14377121280127 27.508539661626447 27.574780117468897 25.785470162842916 26.190132621445642 29.068845051055018 30.419625716129556 3.9114407203601798 21 2 0.0 29.153834088236938 29.068845051055018 0.9130434782608695 35756.67754190895 47.766785789957986 0.0 0.0 1.3363982405958552e-28
28.27061651308743 32.481009427787114 30.765612597570726 28.34899023842187 33.99078524513341 30.38020993579015 29.24317683057538 27.52577911504691 29.220117025838626 27.64907724779798 30.201105240225434 28.41223242607483 29.234136476305437 28.02414814114599 32.22763757245448 26.91994142898296 31.145729545974742 27.51129616490429 27.57647282480309 25.787919037278563 26.192712491248717 29.072630533531143 30.422553575615133 3.9144372186093044 21 2 0.0 29.156690853721496 29.072630533531143 0.9130434782608695 35789.298430254246 47.76876592547118 0.0 0.0 1.1592044211554418e-28
28.272959369060136 32.486375139654555 30.767822739129006 28.351537949207533 33.99596830849037 30.381577070871618 29.246408333493502 27.5280037264491 29.22240617247474 27.65188287658896 30.2037642503337 28.414422596690983 29.237219414203025 28.027742243428577 32.231258191356034 26.922626723048424 31.14771073658794 27.514034977703467 27.578162277609177 25.790356293046187 26.195278289530375 29.07639529756993 30.42546351189084 3.917433716858429 21 2 0.0 29.159538108192095 29.07639529756993 0.9130434782608695 35821.92280925846 47.770744468569866 0.0 0.0 1.0053477737393695e-28
28.275302766663838 32.49172581811065 30.770048510820295 28.354084888656658 34.00116129774946 30.382966726053056 29.249648621347042 27.530250086533037 29.22471087407672 27.65469244697058 30.206431820969932 28.41661352764863 29.240302725133297 28.03132850607547 32.23488744399863 26.925308976664233 31.14969714279324 27.516770244736946 27.57985185797144 25.79278884711155 26.197846006351575 29.08013297098456 30.42837470561565 3.9204302151075536 21 2 0.0 29.16238812230593 29.08013297098456 0.9130434782608695 35854.55067542963 47.7727214217491 0.0 0.0 8.717757221972116e-29
28.277649042283954 32.49708460889546 30.77227857149435 28.356631854558174 34.0063589370108 30.384358392017052 29.252885306747558 27.53250582337522 29.227017322220515 27.65751007595047 30.209097018112224 28.418800036412616 29.243390317586666 28.03492557218753 32.238512791585364 26.927996972754833 31.15167534035987 27.519502993903878 27.58154221009882 25.795224956968397 26.20041117421765 29.083872319109176 30.431284812406737 3.9234267133566783 21 2 0.0 29.16523984566336 29.083872319109176 0.9130434782608695 35887.18202528183 47.77469678749811 0.0 0.0 7.558321797205138e-29
28.280002155088802 32.50259822419646 30.7745102254947 28.359186923175827 34.01160677754058 30.385777319535364 29.25612945722165 27.534765875406432 29.229320299634914 27.660341434472503 30.21176407812279 28.420987052649185 29.246492746847967 28.03856977616482 32.24213988720158 26.930697775765143 31.153687074956004 27.522244495170348 27.583229491515993 25.79767071053652 26.202983718853705 29.087602591638138 30.4342057464946 3.926423211605803 21 2 0.0 29.168109297290613 29.087602591638138 0.9130434782608695 35919.816855335266 47.776670568300375 0.0 0.0 6.552064198130714e-29
28.28236595489617 32.50802618213199 30.776763993674557 28.36175729718473 34.01693446060344 30.387226693007108 29.259439381893877 27.537051718753514 29.231663919283328 27.663190799736654 30.21447438285014 28.423195043672955 29.249615584246218 28.04220412439232 32.24585969661178 26.933406177775446 31.15570069281244 27.52500425531975 27.58492065390645 25.800123561326966 26.205584056949988 29.09133945796672 30.437153302996993 3.9294197098549275 21 2 0.0 29.171000060521454 29.09133945796672 0.9130434782608695 35952.4551621162 47.77864276663364 0.0 0.0 5.678884920366151e-29
28.284716336660622 32.513368223834945 30.77901135372298 28.36430792654233 34.022157103490535 30.388678781761314 29.262701467625437 27.53933591142726 29.233997056705434 27.66601966295132 30.21715871337882 28.4253869331854 29.252708259940153 28.045799850254358 32.24953355100812 26.93609464430073 31.15769914794027 27.527737109630195 27.586610326848078 25.802560362850727 26.208162972400583 29.09515864061817 30.440069861126307 3.9324162081040517 21 2 0.0 29.173868443400178 29.09515864061817 0.9130434782608695 35985.096942156895 47.78061338496987 0.0 0.0 4.921303510963e-29
28.28705439442002 32.518712766915606 30.781248233790226 28.366843637675764 34.0273393647766 30.390163469829584 29.265935748963052 27.541612251628088 29.236311530798034 27.668834096881586 30.21982202994833 28.42756610236399 29.25578082982843 28.049383534225445 32.253163868904394 26.93876819607949 31.159712435659518 27.530450732556346 27.588295687181933 25.804984439763047 26.210724182669583 29.098909519537187 30.442967024781964 3.9354127063531763 21 2 0.0 29.176721046920797 29.098909519537187 0.9130434782608695 36017.74219199571 47.78258242577539 0.0 0.0 4.264119726344134e-29
28.28939204891441 32.524052396695836 30.78348757139295 28.369378712533077 34.03252582460976 30.391659525799774 29.269178855742787 27.543895036507866 29.238638973815206 27.67165109000785 30.22249211531882 28.429747234499388 29.258853529954145 28.052966675107605 32.25680815889173 26.941442045386754 31.1617286137454 27.533162895594756 27.589982714779353 25.807407095262565 26.213287917692938 29.102621953751154 30.445864686985438 3.938409204602301 21 2 0.0 29.179575029260416 29.102621953751154 0.9130434782608695 36050.39090817698 47.784549891510764 0.0 0.0 3.694118208002989e-29
28.29172988931348 32.529356660671894 30.78572978334431 28.371913985742978 34.03770923926785 30.393164571262336 29.272423512187157 27.546185533390975 29.240968295867464 27.674470706053626 30.22516335250136 28.43192827970515 29.261925377626085 28.05653746715788 32.26045139897239 26.944113246379963 31.16374481697012 27.535872916724436 27.591669038767748 25.809830560685203 26.215854012449952 29.10633994915276 30.44876150752544 3.9414057028514256 21 2 0.0 29.18242800442264 29.10633994915276 0.9130434782608695 36083.04308725106 47.786515784630936 0.0 0.0 3.19981112882936e-29
28.294066275099865 32.53471437162014 30.787978354119016 28.374443209639217 34.04290156088196 30.394687246918203 29.275657427106147 27.54848396563054 29.243291878232274 27.677290327939726 30.227827188854537 28.434101572477395 29.264994944552342 28.060125484204036 32.264076496331384 26.946784138067752 31.165768057268846 27.538575279123123 27.593351851563256 25.812249289546465 26.218411358283223 29.110055909485716 30.451652805265283 3.94440220110055 21 2 0.0 29.18528213009611 29.110055909485716 0.9130434782608695 36115.69872577427 47.78848010758513 0.0 0.0 2.771213964570793e-29
28.29640085625284 32.54006159157174 30.790225227574677 28.37697133240141 34.0481000714708 30.39622420074292 29.27890453944684 27.550783142867324 29.245627394443517 27.680109359103653 30.23049811582507 28.43627595007051 29.268063809240505 28.06371351110776 32.267733153095605 26.949453846769277 31.16779607812252 27.54127784957023 27.595033019818693 25.81466520172961 26.220972908740727 29.1137552857456 30.45454472488693 3.947398699349675 21 2 0.0 29.18813874654777 29.1137552857456 0.9130434782608695 36148.35782030895 47.79044286281699 0.0 0.0 2.3996501585346393e-29
28.298737554285637 32.54540969408567 30.79247418561411 28.379502811406063 34.05330065195376 30.397792571446498 29.28215280905274 27.5530898939321 29.247965210606775 27.68293507641384 30.233170968593463 28.438452024004583 29.271135172692855 28.067291771867247 32.27138666060564 26.95212438712957 31.1698512976739 27.543981014492395 27.596717082397205 25.81708585090616 26.223536990073995 29.1174718265798 30.457439340003706 3.9503951975987994 21 2 0.0 29.19100021068773 29.1174718265798 0.9130434782608695 36181.02036742334 47.79240405276446 0.0 0.0 2.0775809841397842e-29
28.301102037420133 32.55083477804211 30.79476771418082 28.382057427774086 34.058569468326326 30.3994244126254 29.285429427841592 27.555449353304326 29.25032322029887 27.68580317605769 30.23586696394243 28.44064653206381 29.2742434729419 28.070940066776885 32.27505548160454 26.954829671231163 31.17193164414424 27.54670298440027 27.59842417666991 25.819531606735463 26.226120187931016 29.121184328898494 30.460362934272666 3.953391695847924 21 2 0.0 29.193895698586267 29.121184328898494 0.9130434782608695 36213.686363691646 47.79436367985995 0.0 0.0 1.798457378955227e-29
28.30346580193804 32.55631572271279 30.7970589345202 28.384612962609065 34.063841900795225 30.401004344370072 29.28873152512501 27.557810380231945 29.252714058531115 27.68867214034719 30.238583465835035 28.442853081847332 29.277352002989417 28.074588169128965 32.2787856442018 26.957533787824957 31.17398652292288 27.549424704801368 27.600130583281064 25.82197726841201 26.228720824884 29.12491746610156 30.463287794185177 3.9563881940970482 21 2 0.0 29.196798655982438 29.12491746610156 0.9130434782608695 36246.355805694024 47.796321746530225 0.0 0.0 1.556590933823661e-29
28.30582862868757 32.56175220274813 30.799339845587085 28.38717428564059 34.06922250402531 30.40260953379051 29.2920476328622 27.560154831431085 29.25508884269199 27.69154298370943 30.241298682654424 28.445050884387264 29.28047124904237 28.078222066286994 32.28252331822651 26.960235066772967 31.176050414057034 27.55216461240082 27.601816503030317 25.82442545106251 26.23132046285751 29.128675649367892 30.466230109536877 3.959384692346173 21 2 0.0 29.19970633742859 29.128675649367892 0.9130434782608695 36279.028690016494 47.79827825519649 0.0 0.0 1.3470415789464467e-29
28.308165571554795 32.5671327624337 30.80161582502463 28.389696041886282 34.07444883083511 30.404224928361234 29.295317139072967 27.562499158992697 29.257455592624034 27.69437721868911 30.243985374045327 28.447225138230095 29.283539075874803 28.081821193794042 32.28622876612106 26.962902313717237 31.17810771185774 27.554853179404624 27.60349854727469 25.826839267676988 26.233886833289542 29.132469180085895 30.469119014690563 3.9623811905952975 21 2 0.0 29.20258298545814 29.132469180085895 0.9130434782608695 36311.70501325101 47.80023320827442 0.0 0.0 1.165519821862389e-29
28.31051393877977 32.5725163137442 30.8038900603888 28.392234651147973 34.079708307975864 30.40584102910177 29.298590496184218 27.564845829199527 29.259818967353922 27.69723105271384 30.246674286186153 28.449408068671552 29.286627125642582 28.085434949819632 32.28991817555788 26.96558724737296 31.180164555777687 27.55755828984099 27.605192090689926 25.82927127184545 26.23646092487156 29.136199137600567 30.472025973583033 3.965377688844422 21 2 0.0 29.20546577148043 29.136199137600567 0.9130434782608695 36344.384771995414 47.80218660817408 0.0 0.0 1.0083016657491387e-29
28.31284823115849 32.577863187360535 30.806156351957892 28.394759438118804 34.08492086550646 30.40749429782082 29.301862113193692 27.56718798869292 29.262182434477737 27.70006710271726 30.249361631616246 28.45159055072002 29.289691520739602 28.089013315431774 32.29360909118761 26.968251713509876 31.18223912576056 27.560246854669074 27.60688215660833 25.831687068487945 26.239035998915657 29.13992612707412 30.474915473177173 3.9683741870935467 21 2 0.0 29.20833881038707 29.13992612707412 0.9130434782608695 36377.06796285339 47.8041384573001 0.0 0.0 8.72154575373074e-30
28.31519125126571 32.583219327341986 30.80844370893262 28.39728570085512 34.09016290861304 30.40915834804215 29.305131049793598 27.569553685773297 29.264553802167494 27.702915887348702 30.252049001952447 28.453768345191186 29.29276686545972 28.09261657357937 32.29729179410259 26.970926644596076 31.184315146190773 27.562935214827988 27.60857363531087 25.834108194935858 26.241605563521393 29.143648635264263 30.47780867487875 3.9713706853426713 21 2 0.0 29.211218693910656 29.143648635264263 0.9130434782608695 36409.7545824345 47.80608875805153 0.0 0.0 7.542730666513202e-30
28.317529769142556 32.58854878007001 30.810723370280854 28.399809532210224 34.09538898279453 30.410823700008937 29.308396412536126 27.57191532816909 29.266927472669757 27.705760049423617 30.254735202394958 28.455946727185598 29.295834848331076 28.09620270376469 32.300980868332296 26.97359477265179 31.1863797271632 27.565618679135287 27.610267772541274 25.836527233027926 26.24417335655076 29.14736147442397 30.48069787983315 3.974367183591796 21 2 0.0 29.214093245332243 29.14736147442397 0.9130434782608695 36442.4446273541 47.808037512821954 0.0 0.0 6.522226779722624e-30
28.31985862389534 32.59389846928444 30.812989738769815 28.40232420672976 34.100589647632894 30.412487834863153 29.311653825753275 27.57426484780469 29.26929132407473 27.70859666162311 30.257410889309497 28.45812037845127 29.298890957305126 28.09978477928705 32.30465297879978 26.97625513918991 31.18844872377768 27.568292257262872 27.611959347145458 25.83893866444774 26.246736495893032 29.151068693343724 30.48357491482029 3.97736368184092 21 2 0.0 29.21696040867238 29.151068693343724 0.9130434782608695 36475.138094233436 47.80998472399949 0.0 0.0 5.638912404749527e-30
