zdm/data/optical/magnitudes_and_probabilities_vlt-fors2_R-SPECIAL.ecsv
# %ECSV 1.0
# ---
# datatype:
# - {name: FRB20180301A, datatype: float64}
# - {name: FRB20180916B, datatype: float64}
# - {name: FRB20190520B, datatype: float64}
# - {name: FRB20201124A, datatype: float64}
# - {name: FRB20210410D, datatype: float64}
# - {name: FRB20121102A, datatype: float64}
# - {name: FRB20180924B, datatype: float64}
# - {name: FRB20181112A, datatype: float64}
# - {name: FRB20190102C, datatype: float64}
# - {name: FRB20190608B, datatype: float64}
# - {name: FRB20190611B, datatype: float64}
# - {name: FRB20190711A, datatype: float64}
# - {name: FRB20190714A, datatype: float64}
# - {name: FRB20191001A, datatype: float64}
# - {name: FRB20200430A, datatype: float64}
# - {name: FRB20200906A, datatype: float64}
# - {name: FRB20210117A, datatype: float64}
# - {name: FRB20210320C, datatype: float64}
# - {name: FRB20210807D, datatype: float64}
# - {name: FRB20211127I, datatype: float64}
# - {name: FRB20211203C, datatype: float64}
# - {name: FRB20211212A, datatype: float64}
# - {name: FRB20220105A, datatype: float64}
# - {name: z, datatype: float64}
# - {name: n>lim, datatype: int64}
# - {name: n<lim, datatype: int64}
# - {name: p(z|DM), datatype: float64}
# - {name: mean, datatype: float64}
# - {name: median, datatype: float64}
# - {name: P(U|z), datatype: float64}
# - {name: d_L, unit: Mpc, datatype: float64}
# - {name: mu, unit: mag, datatype: float64}
# - {name: 'p(z|U,DM)', datatype: float64}
# - {name: P(U|z) * p(z|DM), datatype: float64}
# - {name: 'p(z|U,DM) gauss', datatype: float64}
# meta: !!omap
# - __serialized_columns__:
#     FRB20121102A:
#       __class__: astropy.units.quantity.Quantity
#       unit: !astropy.units.Unit {unit: ''}
#       value: !astropy.table.SerializedColumn {name: FRB20121102A}
#     FRB20180301A:
#       __class__: astropy.units.quantity.Quantity
#       unit: !astropy.units.Unit {unit: ''}
#       value: !astropy.table.SerializedColumn {name: FRB20180301A}
#     FRB20180916B:
#       __class__: astropy.units.quantity.Quantity
#       unit: !astropy.units.Unit {unit: ''}
#       value: !astropy.table.SerializedColumn {name: FRB20180916B}
#     FRB20180924B:
#       __class__: astropy.units.quantity.Quantity
#       unit: !astropy.units.Unit {unit: ''}
#       value: !astropy.table.SerializedColumn {name: FRB20180924B}
#     FRB20181112A:
#       __class__: astropy.units.quantity.Quantity
#       unit: !astropy.units.Unit {unit: ''}
#       value: !astropy.table.SerializedColumn {name: FRB20181112A}
#     FRB20190102C:
#       __class__: astropy.units.quantity.Quantity
#       unit: !astropy.units.Unit {unit: ''}
#       value: !astropy.table.SerializedColumn {name: FRB20190102C}
#     FRB20190520B:
#       __class__: astropy.units.quantity.Quantity
#       unit: !astropy.units.Unit {unit: ''}
#       value: !astropy.table.SerializedColumn {name: FRB20190520B}
#     FRB20190608B:
#       __class__: astropy.units.quantity.Quantity
#       unit: !astropy.units.Unit {unit: ''}
#       value: !astropy.table.SerializedColumn {name: FRB20190608B}
#     FRB20190611B:
#       __class__: astropy.units.quantity.Quantity
#       unit: !astropy.units.Unit {unit: ''}
#       value: !astropy.table.SerializedColumn {name: FRB20190611B}
#     FRB20190711A:
#       __class__: astropy.units.quantity.Quantity
[...]
#       __class__: astropy.units.quantity.Quantity
#       unit: !astropy.units.Unit {unit: ''}
#       value: !astropy.table.SerializedColumn {name: FRB20210807D}
#     FRB20211127I:
#       __class__: astropy.units.quantity.Quantity
#       unit: !astropy.units.Unit {unit: ''}
#       value: !astropy.table.SerializedColumn {name: FRB20211127I}
#     FRB20211203C:
#       __class__: astropy.units.quantity.Quantity
#       unit: !astropy.units.Unit {unit: ''}
#       value: !astropy.table.SerializedColumn {name: FRB20211203C}
#     FRB20211212A:
#       __class__: astropy.units.quantity.Quantity
#       unit: !astropy.units.Unit {unit: ''}
#       value: !astropy.table.SerializedColumn {name: FRB20211212A}
#     FRB20220105A:
#       __class__: astropy.units.quantity.Quantity
#       unit: !astropy.units.Unit {unit: ''}
#       value: !astropy.table.SerializedColumn {name: FRB20220105A}
#     d_L:
#       __class__: astropy.units.quantity.Quantity
#       unit: !astropy.units.Unit {unit: Mpc}
#       value: !astropy.table.SerializedColumn {name: d_L}
#     mu:
#       __class__: astropy.units.quantity.Quantity
#       unit: !astropy.units.Unit {unit: mag}
#       value: !astropy.table.SerializedColumn {name: mu}
# schema: astropy-2.0
FRB20180301A FRB20180916B FRB20190520B FRB20201124A FRB20210410D FRB20121102A FRB20180924B FRB20181112A FRB20190102C FRB20190608B FRB20190611B FRB20190711A FRB20190714A FRB20191001A FRB20200430A FRB20200906A FRB20210117A FRB20210320C FRB20210807D FRB20211127I FRB20211203C FRB20211212A FRB20220105A z n>lim n<lim p(z|DM) mean median P(U|z) d_L mu p(z|U,DM) "P(U|z) * p(z|DM)" "p(z|U,DM) gauss"
[from data line 911]
27.379390861893423 30.561748656199008 29.89984007512763 27.410652706653185 32.0861652696902 29.973719790833382 28.061741649645626 26.73994042115663 28.357951332067223 26.65844555102614 29.21267123457725 27.588647855127846 28.12637408491416 26.74129230993693 30.881265809714 25.947092082347226 30.393709246822752 26.500163147585504 26.944852400013225 24.87801192728289 25.297096936614153 27.718577515442696 29.321270873379994 2.7368134067033516 18 5 4.63971625964967e-56 28.116548771219605 27.718577515442696 0.782608695652174 23281.148502108168 46.83502200528117 3.497266086698583e-55 3.6310822901606112e-56 1.3072147167200878e-09
27.38193513837947 30.56637657908119 29.902696087375897 27.413341145994604 32.090998412060415 29.976251541199538 28.065172193983873 26.74273142061373 28.360676337656137 26.66132993787702 29.21553240569844 27.590978972333247 28.12952101196006 26.744668016083445 30.884931609990108 25.949908847165716 30.396367816650883 26.502892266414246 26.9469666318745 24.88049346638028 25.29973389355635 27.722077604041825 29.324410912052315 2.7398099049524762 18 5 7.232700590082848e-57 28.11956488036623 27.722077604041825 0.782608695652174 23312.049517952688 46.83790228463617 5.451772710525943e-56 5.660374374847446e-57 1.2054941321423657e-09
27.384463929332107 30.57097034470658 29.905530787969383 27.416007396882133 32.095789671703486 29.97876841665445 28.06857549397997 26.745495768355582 28.363390994523016 26.664187019259288 29.2183775817795 27.593298412430407 28.132637154183243 26.74801893538639 30.888589003996746 25.952698222817535 30.399013625114257 26.50560088298129 26.949060031648735 24.882961377234377 25.302347015742157 27.72558930817013 29.327523103940383 2.742806403201601 18 5 3.4590583109110745e-57 28.122560629512655 27.72558930817013 0.782608695652174 23342.956093143926 46.84077926575486 2.607324811620185e-56 2.707089112886928e-57 1.1115152638891481e-09
27.38698479325258 30.575566544576468 29.908359880305223 27.418660389731176 32.100571059878845 29.981266028335884 28.07195749905526 26.748244996154433 28.36609508089532 26.667027482634854 29.221210169039086 27.595608017695493 28.135738841242773 26.751360964580183 30.892229860974734 25.955474235707953 30.401652994740317 26.50829827133149 26.951138747285693 24.885419245909794 25.30494253340033 27.729071700530806 29.330621544999275 2.745802901450725 18 5 2.0826551576519092e-57 28.125543516619906 27.729071700530806 0.782608695652174 23373.86821977523 46.843652955946055 1.569837215367535e-56 1.6299040364232333e-57 1.0247027916304905e-09
27.389496034810307 30.58014674661537 29.911180177505923 27.421299048388406 32.10534132403264 29.983753577498593 28.075321211814543 26.75097727378674 28.36879043719682 26.669850640180375 29.224031201381983 27.597906927363848 28.138823397321353 26.754687802147814 30.89586251586969 25.958233523918835 30.404283860587462 26.510983696672735 26.95320220133139 24.887866477778932 25.307519587951944 27.732545465680523 29.33370577947393 2.7487993996998497 18 5 7.0625200439254e-58 28.128513430839572 27.732545465680523 0.782608695652174 23404.78588995974 46.846523362494764 5.323496191147316e-57 5.527189599593792e-58 9.44523060729475e-10
27.39200344320016 30.584764360887064 29.914000557930393 27.423928951237777 32.1101212981492 29.98622429971674 28.078672596682047 26.7536988031468 28.371479226486848 26.67266308499321 29.226844943755466 27.60019912782696 28.141900750594857 26.758020368179846 30.89948433160671 25.960983859491826 30.406920442837574 26.51366258465551 26.955252030897267 24.890308160391825 25.31008221649454 27.7360064980136 29.33678393298308 2.7517958979489743 18 5 1.27817679707839e-58 28.131478516093875 27.7360064980136 0.782608695652174 23435.709095830283 46.84939049266226 9.634477875517315e-58 1.0003122759743922e-58 8.704811484145415e-10
27.39450517421055 30.58937209144705 29.916820443082088 27.426548940175852 32.11492227936469 29.988676671467655 28.082025612346953 26.756405308410795 28.37417432622098 26.67545998833551 29.229661378524845 27.60248391902447 28.14496892441373 26.761341680640285 30.90313587113313 25.963720034031496 30.40954963532089 26.516336534921233 26.957281715104898 24.89274076533263 25.312628478228643 27.739469940064154 29.339859748989024 2.754792396198099 18 5 8.284441033786121e-59 28.13443867220833 27.739469940064154 0.782608695652174 23466.637829539293 46.852254353686185 6.244540194555346e-58 6.483475591658704e-59 8.021181302394627e-10
27.397003577895553 30.594001594651434 29.91964448061521 27.429163933692188 32.11973630721585 29.991116081385016 28.085364899268264 26.75910624214374 28.376860756021472 26.67824844154137 29.232468245281833 27.60476136840627 28.148033907642645 26.764664246401214 30.906770731047267 25.966451665570958 30.412174732941093 26.51900750478246 26.959308173966225 24.895164068446213 25.315162065790958 27.742935265802178 29.342935030222574 2.7577888944472235 18 5 3.7871140967883425e-59 28.137394926988346 27.742935265802178 0.782608695652174 23497.5720832588 46.855114952780696 2.854602513593376e-58 2.9638284235734854e-59 7.390085336206388e-10
27.399483303628116 30.59859255322126 29.92244532749296 27.431750615142096 32.124497137453105 29.993528849148458 28.088672574440285 26.761773563613115 28.379536403259063 26.681001802547726 29.23525664856434 27.607024526519286 28.151059792896138 26.76795391294673 30.910396087458373 25.969149912271416 30.414786137227434 26.52165362964435 26.961308881037755 24.897569487275693 25.31766862168558 27.74640229518337 29.3459759936775 2.760785392696348 18 5 4.3278600036161575e-60 28.140325567666704 27.74640229518337 0.782608695652174 23528.51184918029 46.85797229713647 3.262199059510773e-59 3.387020872395254e-60 6.807579660790236e-10
27.401954594077754 30.60318095525926 29.92524153527313 27.434322605208212 32.1292523511479 29.99592769502688 28.091955163949166 26.7644242681282 28.38220035486531 26.683736801509173 29.23803077847754 27.609277044478205 28.154070287365137 26.771232766990792 30.914002732460617 25.97183283489517 30.41739133292586 26.52428782342185 26.963292982226147 24.89996293298312 25.32015307227214 27.749833735671523 29.34900310414617 2.7637818909454728 18 5 2.96327251276546e-60 28.143242076206917 27.749833735671523 0.782608695652174 23559.457119514685 46.86082639392093 2.233617722417198e-59 2.3190828360773165e-60 6.270009066015402e-10
27.40441763809615 30.607765388599294 29.928032846263967 27.436880835744162 32.13400668748245 29.998311668401698 28.095220970774193 26.76705833032944 28.38485726330166 26.686454106710855 29.240794949476907 27.61152033262163 28.157065214189963 26.774501301977097 30.917603212688345 25.974499629012993 30.419990485704922 26.52691144269728 26.965262357999983 24.902345351638324 25.322617365952865 27.75325719069993 29.352019177092302 2.766778389194597 18 5 1.5986850219149645e-60 28.146147554237242 27.75325719069993 0.782608695652174 23590.40788649224 46.86367725027821 1.2050363853237757e-59 1.2511447997595376e-60 5.773986492761173e-10
27.406870016097493 30.612327993772716 29.930814269006216 27.43942298467696 32.13873736748114 30.000673664273563 28.09846689935739 26.769673399894515 28.387507309155783 26.68914940771165 29.243547558383387 27.613754285450206 28.160039104709206 26.777748769287754 30.921195933397975 25.97714734338785 30.42257930401537 26.529522104053726 26.967217814973296 24.90471399367805 25.325062927885046 27.756672787102772 29.355018030487436 2.7697748874437216 18 5 2.3409753106426634e-61 28.149037533401714 27.756672787102772 0.782608695652174 23621.364142362527 46.86652487332936 1.7645504823020023e-60 1.8320676344159974e-61 5.316373890486879e-10
27.409311267286192 30.616896587889684 29.93358694898058 27.44194803478646 32.14344883850459 30.00301995118611 28.10168695950043 26.77226791073979 28.390145885238425 26.69182185282114 29.246285231839295 27.615976835013107 28.16299226658597 26.7809827894311 30.92476829605376 25.979775754914293 30.42516893069085 26.532118436575352 26.96915645516483 24.907068610702613 25.327486006128844 27.760070505279472 29.357999116985884 2.772771385692846 18 5 9.606480105911252e-62 28.151912324882552 27.760070505279472 0.782608695652174 23652.3258793943 46.8693692701724 7.24104992779985e-61 7.518114865495763e-62 4.894264401022607e-10
27.411753659588594 30.621506485797344 29.936372568229892 27.444472942633958 32.148210109823154 30.005357593879218 28.1049119579845 26.774861249099363 28.392787075776265 26.694491183202892 29.24902512605128 27.618194128905632 28.165952418820815 26.784228634577158 30.9283519176762 25.982404736893194 30.42776189554481 26.5347186138106 26.9710870816349 24.909417312816164 25.329899386176532 27.763452145098434 29.36099217252304 2.775767883941971 18 5 5.7661970400759525e-62 28.154791756371473 27.763452145098434 0.782608695652174 23683.293089875464 46.87221044788242 4.346370387529267e-61 4.512675944407267e-62 4.504965779696028e-10
27.414189410644525 30.626116818263085 29.939152362330756 27.44698257895664 32.152968732916676 30.007676948606168 28.108126603042145 26.77743759591393 28.395427727268697 26.69714402838579 29.2517602449087 27.62040414365925 28.168896992731902 26.787471439494603 30.931948323236092 25.985017497241127 30.43034531937621 26.537307888235663 26.972992019543245 24.911758381588832 25.332295894549443 27.766853022619724 29.363970784447886 2.7787643821910955 18 5 1.925913974240655e-62 28.157662815563526 27.766853022619724 0.782608695652174 23714.265766113014 46.87504841351168 1.451690847258686e-61 1.5072370233187735e-62 4.145984970651659e-10
27.416613177836027 30.63069306992692 29.9419207738542 27.449475143163788 32.15769995513587 30.00998386225147 28.111315483572845 26.779994084364983 28.398058508653826 26.699774142308993 29.25448070263995 27.622604146095266 28.171818272191747 26.7906875876713 30.935531135257186 25.987609629220145 30.432919254965896 26.539882451800825 26.974885719187597 24.914084597888397 25.334672139667838 27.77025009433204 29.366930211549644 2.78176088044022 18 5 2.835244342549291e-63 28.160516701892902 27.77025009433204 0.782608695652174 23745.243900432957 46.877883174089696 2.1371142828139992e-62 2.218886876777706e-63 3.8150137586014717e-10
27.419026885525724 30.635259999529303 29.944682379435406 27.451952467207942 32.16241902280763 30.012275425319555 28.114484712238603 26.782532125399847 28.400680790159335 26.70238364176571 29.25718947910437 27.624794274682 28.174721332287582 26.79388885949439 30.939100588821375 25.990184140466113 30.435484918229104 26.54244430454913 26.97676401335617 24.916397730451546 25.337028209213265 27.773625490715826 29.36987488173029 2.7847573786893447 18 5 1.834067717836478e-63 28.163356333586535 27.773625490715826 0.782608695652174 23776.22748518023 46.88071473662336 1.3824601487123044e-62 1.4353573443937653e-63 3.5099154242958267e-10
27.42143123673783 30.639821322244615 29.947436386876177 27.454415052502007 32.1671219349716 30.014554549552912 28.117630912014505 26.78505425628892 28.40329254999569 26.70497433649604 29.25988411198222 27.626974612013072 28.177606716867423 26.79707625763061 30.942652674158122 25.992742546662917 30.438046195163373 26.544994097205414 26.978631279613438 24.918698183903626 25.339364217742528 27.776987577295856 29.37280473462267 2.787753876938469 18 5 8.328910931238134e-64 28.166182423588765 27.776987577295856 0.782608695652174 23807.216512718667 46.883543108097015 6.278060146107218e-63 6.51827812009941e-64 3.2287123357387767e-10
27.423828019159888 30.64438681736334 29.9501851751892 27.456865765865057 32.171813471009386 30.016817952828095 28.120762565588482 26.787562133873422 28.40589914635808 26.70754861427447 29.262570351910917 27.629147106084744 28.180477874794487 26.800252325319043 30.94619946020903 25.995287216559184 30.440608389244623 26.54753456054358 26.98048467909636 24.920988339951663 25.341686075188413 27.78033616900581 29.375722777980133 2.7907503751875935 18 5 7.637902240744128e-65 28.168998477712936 27.78033616900581 0.782608695652174 23838.210975430906 46.88636829547257 5.757200437530737e-64 5.9774887101475785e-65 2.969574411611638e-10
27.42622624230133 30.64897272612006 29.95294779582396 27.459314674053307 32.17655297273658 30.019066253709404 28.123898317145933 26.790068481188875 28.408508755428098 26.710118821705237 29.265257846475194 27.631312051660007 28.183355687623113 26.80344012100944 30.94975549857034 25.997832366764072 30.44316513153104 26.55007828705301 26.982326085276668 24.923272827213093 25.343997852036363 27.783674852416873 29.378650539720997 2.793746873436718 18 5 5.222951665419838e-65 28.171817138589695 27.783674852416873 0.782608695652174 23869.210865718338 46.88919030568958 3.936889824663091e-64 4.087527390328569e-65 2.7308083975295684e-10
27.428607182705225 30.653520914704984 29.95568639450765 27.461740802899946 32.18122699958349 30.021314046054265 28.127002896677947 26.792549171457075 28.41110608848596 26.71266112483697 29.26792709549964 27.633467216474735 28.186198635461686 26.806595562783627 30.953296024250626 26.00035044781645 30.44571175165843 26.55259970928701 26.984155261360687 24.925540868502203 25.346289389744705 27.78703361201879 29.3815457528496 2.7967433716858427 18 5 2.8080010900955485e-65 28.17461421520095 27.78703361201879 0.782608695652174 23900.21617600102 46.89200914566533 2.1165792117954462e-64 2.19756607050956e-65 2.510847899655538e-10
27.430984035362684 30.65807251506078 29.958425210553496 27.46415939447632 32.185909376456145 30.023548153224514 28.130096433724198 26.795022529899953 28.41369710951321 26.715194125385366 29.270589143944715 27.63561698325973 28.18903568210587 26.809746929396074 30.956824661786282 26.00286069406446 30.448254279355638 26.555115747393884 26.985974228396078 24.92780146430395 25.348568499548847 27.790353055450723 29.384436045740856 2.7997398699349674 18 5 3.9305051477125993e-66 28.17740375210451 27.790353055450723 0.782608695652174 23931.22689871764 46.89482482229495 2.962685989278016e-65 3.076047506905513e-66 2.3082441238502491e-10
27.433354971073207 30.662650469655915 29.96116296982873 27.466566352437347 32.190594220499406 30.02577331854457 28.133174716864513 26.79748294957151 28.41628305601041 26.71771272440378 29.273242389005315 27.637757587364856 28.19186221437314 26.812897970120318 30.960348784681138 26.005359556733957 30.450802538935054 26.55762315498511 26.987775930577644 24.93005256862071 25.350832095320108 27.79367281439526 29.38731684558412 2.802736368184092 18 5 1.342496180418475e-66 28.180186965199397 27.79367281439526 0.782608695652174 23962.24302632543 46.89763734245151 1.0119296311568896e-65 1.0506491846753282e-66 2.121657271958792e-10
27.435727454495623 30.667257203166855 29.96391258224616 27.468972929589942 32.195331507085484 30.027986174880578 28.136268769264625 26.79994180268332 28.418878191599163 26.720228645350268 29.27590490770338 27.639893358731026 28.194696359026782 26.816060629390922 30.963900443319478 26.007857744371798 30.453349629220877 26.560135475842266 26.98956088927951 24.932299614360748 25.35308881426305 27.79698980979175 29.390209439997644 2.8057328664332166 18 5 8.042090282451799e-67 28.182976190246144 27.79698980979175 0.782608695652174 23993.264551300108 46.90044671298609 6.061864139319278e-66 6.293809786266626e-67 1.9498485500407167e-10
