zdm/data/optical/magnitudes_and_probabilities_vlt-fors2_R-SPECIAL.ecsv
# %ECSV 1.0
# ---
# datatype:
# - {name: FRB20180301A, datatype: float64}
# - {name: FRB20180916B, datatype: float64}
# - {name: FRB20190520B, datatype: float64}
# - {name: FRB20201124A, datatype: float64}
# - {name: FRB20210410D, datatype: float64}
# - {name: FRB20121102A, datatype: float64}
# - {name: FRB20180924B, datatype: float64}
# - {name: FRB20181112A, datatype: float64}
# - {name: FRB20190102C, datatype: float64}
# - {name: FRB20190608B, datatype: float64}
# - {name: FRB20190611B, datatype: float64}
# - {name: FRB20190711A, datatype: float64}
# - {name: FRB20190714A, datatype: float64}
# - {name: FRB20191001A, datatype: float64}
# - {name: FRB20200430A, datatype: float64}
# - {name: FRB20200906A, datatype: float64}
# - {name: FRB20210117A, datatype: float64}
# - {name: FRB20210320C, datatype: float64}
# - {name: FRB20210807D, datatype: float64}
# - {name: FRB20211127I, datatype: float64}
# - {name: FRB20211203C, datatype: float64}
# - {name: FRB20211212A, datatype: float64}
# - {name: FRB20220105A, datatype: float64}
# - {name: z, datatype: float64}
# - {name: n>lim, datatype: int64}
# - {name: n<lim, datatype: int64}
# - {name: p(z|DM), datatype: float64}
# - {name: mean, datatype: float64}
# - {name: median, datatype: float64}
# - {name: P(U|z), datatype: float64}
# - {name: d_L, unit: Mpc, datatype: float64}
# - {name: mu, unit: mag, datatype: float64}
# - {name: 'p(z|U,DM)', datatype: float64}
# - {name: P(U|z) * p(z|DM), datatype: float64}
# - {name: 'p(z|U,DM) gauss', datatype: float64}
# meta: !!omap
# - __serialized_columns__:
#     FRB20121102A:
#       __class__: astropy.units.quantity.Quantity
#       unit: !astropy.units.Unit {unit: ''}
#       value: !astropy.table.SerializedColumn {name: FRB20121102A}
#     FRB20180301A:
#       __class__: astropy.units.quantity.Quantity
#       unit: !astropy.units.Unit {unit: ''}
#       value: !astropy.table.SerializedColumn {name: FRB20180301A}
#     FRB20180916B:
#       __class__: astropy.units.quantity.Quantity
#       unit: !astropy.units.Unit {unit: ''}
#       value: !astropy.table.SerializedColumn {name: FRB20180916B}
#     FRB20180924B:
#       __class__: astropy.units.quantity.Quantity
#       unit: !astropy.units.Unit {unit: ''}
#       value: !astropy.table.SerializedColumn {name: FRB20180924B}
#     FRB20181112A:
#       __class__: astropy.units.quantity.Quantity
#       unit: !astropy.units.Unit {unit: ''}
#       value: !astropy.table.SerializedColumn {name: FRB20181112A}
#     FRB20190102C:
#       __class__: astropy.units.quantity.Quantity
#       unit: !astropy.units.Unit {unit: ''}
#       value: !astropy.table.SerializedColumn {name: FRB20190102C}
#     FRB20190520B:
#       __class__: astropy.units.quantity.Quantity
#       unit: !astropy.units.Unit {unit: ''}
#       value: !astropy.table.SerializedColumn {name: FRB20190520B}
#     FRB20190608B:
#       __class__: astropy.units.quantity.Quantity
#       unit: !astropy.units.Unit {unit: ''}
#       value: !astropy.table.SerializedColumn {name: FRB20190608B}
#     FRB20190611B:
#       __class__: astropy.units.quantity.Quantity
#       unit: !astropy.units.Unit {unit: ''}
#       value: !astropy.table.SerializedColumn {name: FRB20190611B}
#     FRB20190711A:
#       __class__: astropy.units.quantity.Quantity
[...]
#       __class__: astropy.units.quantity.Quantity
#       unit: !astropy.units.Unit {unit: ''}
#       value: !astropy.table.SerializedColumn {name: FRB20210807D}
#     FRB20211127I:
#       __class__: astropy.units.quantity.Quantity
#       unit: !astropy.units.Unit {unit: ''}
#       value: !astropy.table.SerializedColumn {name: FRB20211127I}
#     FRB20211203C:
#       __class__: astropy.units.quantity.Quantity
#       unit: !astropy.units.Unit {unit: ''}
#       value: !astropy.table.SerializedColumn {name: FRB20211203C}
#     FRB20211212A:
#       __class__: astropy.units.quantity.Quantity
#       unit: !astropy.units.Unit {unit: ''}
#       value: !astropy.table.SerializedColumn {name: FRB20211212A}
#     FRB20220105A:
#       __class__: astropy.units.quantity.Quantity
#       unit: !astropy.units.Unit {unit: ''}
#       value: !astropy.table.SerializedColumn {name: FRB20220105A}
#     d_L:
#       __class__: astropy.units.quantity.Quantity
#       unit: !astropy.units.Unit {unit: Mpc}
#       value: !astropy.table.SerializedColumn {name: d_L}
#     mu:
#       __class__: astropy.units.quantity.Quantity
#       unit: !astropy.units.Unit {unit: mag}
#       value: !astropy.table.SerializedColumn {name: mu}
# schema: astropy-2.0
FRB20180301A FRB20180916B FRB20190520B FRB20201124A FRB20210410D FRB20121102A FRB20180924B FRB20181112A FRB20190102C FRB20190608B FRB20190611B FRB20190711A FRB20190714A FRB20191001A FRB20200430A FRB20200906A FRB20210117A FRB20210320C FRB20210807D FRB20211127I FRB20211203C FRB20211212A FRB20220105A z n>lim n<lim p(z|DM) mean median P(U|z) d_L mu p(z|U,DM) "P(U|z) * p(z|DM)" "p(z|U,DM) gauss"
[from data line 557]
26.27090688260389 28.59799993804806 28.628143956105973 26.2700290923177 29.96881506502062 29.002028600780733 26.679404899239906 25.638717059442353 27.154560930440795 25.50910862820082 27.984627719152893 26.57483805097016 26.846271825417467 25.327211407321 29.291420433026133 24.822776357677064 29.195572491769255 25.335973449146145 25.862460862054366 23.844065131486655 24.284713138958097 26.260343780766174 27.944181995509524 1.6760530265132567 10 13 0.0368935697304162 26.83887703023721 26.57483805097016 0.43478260869565216 12768.182393651205 45.530645389766384 0.15449535538477127 0.016040682491485304 0.20317298942748652
26.275394983136707 28.606562730858357 28.633356819049027 26.27450193232942 29.97820056245495 29.005571075290977 26.68509658804116 25.642918723921717 27.1595756193577 25.513651875698535 27.989685811989805 26.57879131622343 26.851409835653655 25.33337598563733 29.29849005625978 24.827039639853133 29.200512624959693 25.34056487451238 25.86711566752118 23.848126480385936 24.28838751939548 26.26651509484512 27.94992499462601 1.6790495247623813 10 13 0.03531965851201167 26.844120470087024 26.57879131622343 0.43478260869565216 12796.40295230913 45.53543953671374 0.1479044514736484 0.015356373266092032 0.19801595651647552
26.279908570008544 28.615274203402322 28.638627012359002 26.279015876764994 29.987827407127533 29.00911869575275 26.690898284824314 25.647149506495367 27.164627367522073 25.51824063066131 27.994790577708237 26.582753266683344 26.856614648476995 25.339623099088758 29.305653352750515 24.831339046231875 29.205464340458306 25.345198811498697 25.871874180661134 23.852197036998355 24.292074018427666 26.272694150987 27.955760835983376 1.6820460230115057 10 13 0.033849007262409705 26.84942282264663 26.582753266683344 0.43478260869565216 12824.633960613359 45.54022489186103 0.14174595856785085 0.014716959679308568 0.19295967691550056
26.284377063454443 28.62381255737727 28.64382129455013 26.283480601295295 29.997225931276464 29.012661286024898 26.69659500793822 25.651335849207836 27.169616299044684 25.52277996928362 27.99983220397342 26.586696289885655 26.86174393486735 25.345768550800265 29.312708191959093 24.835594104490255 29.21036722505612 25.349778549148247 25.876542359461588 23.856248645822564 24.2957395689061 26.278943860061016 27.961497351005438 1.6850425212606304 10 13 0.03242632519146891 26.854659421516953 26.586696289885655 0.43478260869565216 12852.875395123972 45.545001486017675 0.13578834119019895 0.014098402257160395 0.18800313732917856
26.288842944798212 28.632396551966988 28.649020948167063 26.287947286527782 30.00667246621086 29.016202145058752 26.70230399349997 25.65551930771403 27.174597801594068 25.527322906441437 28.004871214561827 26.590634778430182 26.866880189057273 25.351927997075045 29.319751947549875 24.839850566935432 29.21527122769588 25.35435972696061 25.88123124853899 23.860296835850217 24.299401033130394 26.28509705969297 27.967245627664834 1.688039019509755 10 13 0.03100364312052811 26.859897643700986 26.590634778430182 0.43478260869565216 12881.127232488203 45.549769349834975 0.12983072381254698 0.01347984483501222 0.18314530427605472
26.293298282795213 28.640949374484357 28.654207939440983 26.292410543114634 30.016112144247554 29.019747547190097 26.708019289061028 25.659697249364392 27.1795702180038 25.531863922290214 28.009903505935405 26.594568999039524 26.87200980537265 25.358066753775674 29.32679488562183 24.84410354228508 29.220160243794204 25.358935520943277 25.885931652036824 23.864340058870567 24.30306110583806 26.291272341854572 27.972988656487928 1.6910355177588794 10 13 0.02963115831087909 26.865131025297732 26.594568999039524 0.43478260869565216 12909.389449439994 45.55452851380717 0.12408331227236982 0.012883112309077866 0.17838512524445654
26.297746818646925 28.64950795503586 28.659390250187315 26.296871745243813 30.025565729622144 29.02329498315842 26.713741064302464 25.66387106184656 27.184532309445487 25.536405113634608 28.014928740456227 26.59849892869421 26.877137694831895 25.364200566635567 29.33382248516404 24.848354822662362 29.225044538771176 25.36350745664262 25.890649857729862 23.86837860617931 24.30671842911962 26.297432035928992 27.978731846182995 1.694032016008004 10 13 0.028353733049183292 26.870362306092282 26.59849892869421 0.43478260869565216 12937.662022799612 45.55927900827248 0.11873397169011463 0.012327710021384039 0.17372152983324152
26.302189884241614 28.658066927364906 28.664569474113982 26.30133317972475 30.03503802856998 29.0268476900695 26.71947381140109 25.668043114381422 27.189489109948628 25.5409474360029 28.01995083652463 26.60242512968412 26.882265609697154 25.370327297295855 29.340851672882252 24.852605860556068 29.229932655210476 25.36807859532166 25.895388522641923 23.8724127676875 24.310373116074153 26.303594846756035 27.984479343594533 1.6970285142571286 10 13 0.02707630778748749 26.875594996075876 26.60242512968412 0.43478260869565216 12965.944929473197 45.564020863414214 0.11338463110785943 0.011772307733690212 0.16915343087677517
26.306668032214105 28.666827116681098 28.66982118060704 26.305845131779655 30.04479590155337 29.030408349685082 26.72533315818662 25.672253812330354 27.19448897798482 25.54554598990535 28.025028468431227 26.606363234650164 26.88747369929908 25.376552459560063 29.347972022186593 24.85690097391214 29.234857840252158 25.372702353844872 25.900256412499623 23.87646073238715 24.314043283222926 26.309760024090725 27.990338715002228 1.7000250125062533 10 13 0.025800036223909504 26.88089990740289 26.606363234650164 0.43478260869565216 12994.23814645238 45.56875410926173 0.10804012174692604 0.011217407053873698 0.16467972555350407
26.311101526633358 28.67539314586045 28.674998536187832 26.310306136273567 30.054317903803366 29.033971123828994 26.731094642865372 25.676420332175386 27.199444450173196 25.55009090879016 28.0300466729766 26.610281953072953 26.89260241681552 25.382670222678655 29.355030325003582 24.861149479825798 29.23972761303833 25.377270786833922 25.90504131205662 23.880486217068714 24.317691070117387 26.316042580465684 27.99609678906311 1.7030215107553777 10 13 0.024660823996726842 26.88614244111341 26.610281953072953 0.43478260869565216 13022.541650813862 45.573478775691534 0.1032695614790168 0.010722097389881235 0.16029929647753105
26.31553224227764 28.683979819158566 28.680177001471456 26.31476887939169 30.06387318729121 29.03753767789715 26.736864264528712 25.68058671644623 27.204388419224223 25.554639518670136 28.035061043970483 26.614197329888512 26.897734541987333 25.388789631650685 29.362055417229218 24.86539891392404 29.244597187661658 25.381840069222573 25.909849549714586 23.884508717701593 24.32133648996703 26.322210154411998 28.001863300675247 1.7060180090045023 10 13 0.023521611769544093 26.891382177146173 26.614197329888512 0.43478260869565216 13050.855419718995 45.57819489242831 0.0984990012111072 0.010226787725888736 0.1560110127726282
26.319955357763178 28.69255154713972 28.685349549083917 26.31922816351367 30.073433791285474 29.04110934242199 26.74264096874144 25.6847494036522 27.209326488139183 25.559185068256237 28.040068237871857 26.618107051830332 26.90286132102994 25.394892928116434 29.36908022683246 24.86964482450003 29.249459531220715 25.386404896695083 25.914681423881078 23.88852332877258 24.324975646850184 26.328388320662135 28.007628487405736 1.709014507253627 11 12 0.022382399542361348 26.896619387202854 26.618107051830332 0.4782608695652174 13079.179430413405 45.58290248904587 0.10310128503751739 0.010704625868085862 0.15181373112816196
26.324379617260746 28.701170285192077 28.69053049142105 26.32369212462775 30.08304239855399 29.044684558684683 26.748436009007726 25.68891429345384 27.21426424483196 25.563736903203743 28.045076848170222 26.622013827701956 26.907996243026524 25.401008985287376 29.376103753858224 24.87389398166787 29.254331422830234 25.390974091624322 25.91954482777851 23.892536602464155 24.328613786629255 26.334560095334062 28.01340845711536 1.7120110055027513 11 12 0.02133045929409766 26.901865819553286 26.622013827701956 0.4782608695652174 13107.513660226552 45.58760159496826 0.0982556744865394 0.01020152401022062 0.14770629683643102
26.328800160104002 28.70977848754759 28.69571261621346 26.328156187236942 30.092683858993357 29.048262965141028 26.754247673797455 25.693077323853693 27.219203530114036 25.568289187865048 28.050085877998573 26.62591626723325 26.913132292564164 25.40711634774223 29.383141363849564 24.878141543877135 29.259196449198225 25.395543332494405 25.924432743606495 23.89654433735162 24.332245980096744 26.34075783269218 28.019197207045305 1.715007503751876 11 12 0.020321286657393682 26.907115807244196 26.62591626723325 0.4782608695652174 13135.858086571363 45.59229223947065 0.09360706675027061 0.009718876227449153 0.14368754481095666
26.333245821403732 28.718535479039915 28.700946786899454 26.332655225867192 30.102530021957104 29.051847197425374 26.760141332153683 25.69727370088168 27.224165636593263 25.572884402223796 28.0551249081018 26.6298229284927 26.918327244839464 25.413295947759647 29.390224665861034 24.882426746574243 29.264103654975063 25.40014798337573 25.929436792542138 23.900559278264435 24.33588786521003 26.346949949482084 28.025062374057118 1.7180040020010006 11 12 0.01931211402068971 26.91241721495568 26.6298229284927 0.4782608695652174 13164.212686943813 45.59697445168047 0.08895845901400186 0.009236228444677688 0.1397563005853001
26.337659438222435 28.727140204206822 28.706128210895116 26.337123844405006 30.112227127548117 29.055429962316893 26.76601210162798 25.701439677255756 27.229117151450804 25.57744056274174 28.060141527261088 26.63371835548523 26.92346704759217 25.419382033982938 29.39730821213256 24.886674218163126 29.268963117854973 25.404721970912885 25.934383187819684 23.90455647289375 24.339521778372042 26.353237634227202 28.03087095735874 1.7210005002501252 11 12 0.01834353324381331 26.917681078031613 26.63371835548523 0.4782608695652174 13192.577438922537 45.60164826057821 0.08449683180689238 0.008772994160084625 0.13591138129200367
26.3420645003432 28.735752778800908 28.711301041089982 26.341581853026366 30.12190262918545 29.05901435002764 26.771850606816443 25.70560006332729 27.23404311768259 25.581989423444686 28.065134057127857 26.637603054403023 26.92859573373038 25.425462561385235 29.404329763412225 24.890917702509494 29.273822748450776 25.409283835363947 25.93933790728672 23.90854588970623 24.343146351569587 26.359432279576275 28.03666219088602 1.7239969984992496 11 12 0.017455933227292966 26.922929323441398 26.637603054403023 0.4782608695652174 13220.952320168422 45.60631369499856 0.08040823075545595 0.008348489804357505 0.13215159662129858
26.34647548681466 28.74440081676064 28.716492456826963 26.346049245321286 30.131665243986458 29.062600101569483 26.77772323753779 25.70976545385056 27.238980660287382 25.586548536464665 28.070139263786473 26.641486650214837 26.933741608767015 25.431559238518574 29.411380711627054 24.89516704160539 29.27868514386652 25.413856003608135 25.944326841582356 23.912535316137905 24.34676700168327 26.365631250007723 28.04248289021736 1.7269934967483742 11 12 0.016568333210772557 26.928193921784455 26.641486650214837 0.4782608695652174 13249.337308424241 45.61097078363132 0.0763196297040192 0.007923985448630353 0.12847574975924028
26.350875095291507 28.75301971458656 28.721668166584617 26.350507333959342 30.141394178886895 29.06618297342407 26.783588832713328 25.71392628136597 27.24390582953163 25.59109891093064 28.07512851346022 26.64536064502487 26.938873454893397 25.437627667191517 29.41840938680183 24.899410166235334 29.28354588320129 25.41841798430211 25.949326353636607 23.916515181953436 24.35038508519318 26.371848056400026 28.04828691228821 1.7299899949974988 11 12 0.015680733194252148 26.933447939472018 26.64536064502487 0.4782608695652174 13277.732381514228 45.61561955502231 0.07223102865258248 0.007499481092903201 0.12488263830497774
26.355289991308215 28.761714637618553 28.726877103432336 26.3549889309221 30.151272710275485 29.069764404166705 26.78952203986475 25.718106587872374 27.248854569748254 25.595675557764896 28.080143831530783 26.649236642337822 26.944043138587723 25.4437359824283 29.425493501347354 24.903674183495728 29.288411780257135 25.423005033901003 25.95439260788919 23.92049955734517 24.3540114879741 26.378054392165303 28.05414552676335 1.7329864932466235 11 12 0.01490553521934334 26.93873539995637 26.649236642337822 0.4782608695652174 13306.137517343726 45.6202600375744 0.06866019134265447 0.007128734235338119 0.12137105516687827
26.35968254371241 28.77033200299018 28.732049815151925 26.359445590703135 30.16103462356145 29.073343086408137 26.79540617200854 25.722268511668688 27.25377204605241 25.60022657400916 28.08512519956867 26.6530985753963 26.9491754648341 25.449794553224745 29.43251426612147 24.907917581811773 29.29325765617739 25.42756529761277 25.95942367621648 23.92447111531443 24.357628873042035 26.384300361696052 28.059954747324703 1.7359829914957479 11 12 0.01413071380068789 26.94399079715682 26.6530985753963 0.4782608695652174 13334.552693898762 45.62489225954841 0.06509108858462458 0.006758167469894208 0.11793978943727443
26.364072524630778 28.778963639808957 28.737224332371852 26.363903106265237 30.17082303098252 29.07692951646887 26.801303009258724 25.726432046181266 27.258688147737207 25.604780326147626 28.09010487438131 26.656955675148186 26.95431163576535 25.455853132474353 29.439532471013706 24.91216234762294 29.298107144902165 25.432125353957776 25.96447400166303 23.928438431121375 24.361244903672493 26.390503870986763 28.065770231974817 1.7389794897448725 11 12 0.013355892382032383 26.94924798932771 26.656955675148186 0.4782608695652174 13362.977889245714 45.62951624906404 0.061521985826594405 0.00638760070445027 0.11458762724561762
26.368469292192664 28.787642040817243 28.742416700272866 26.36837318374344 30.180711786250715 29.080505839280715 26.80723978889403 25.73060537478956 27.263616422112595 25.60934734047176 28.095098664531115 26.660811091902524 26.959469440859568 25.461931615934393 29.446586878075635 24.916417880263918 29.302958997469144 25.436699252607372 25.969559318730585 23.932406075081396 24.3648626824157 26.396714984212686 28.071618554915755 1.741975987993997 11 12 0.012649409172668009 26.9545244872098 26.660811091902524 0.4782608695652174 13391.413081530873 45.63413203410085 0.058267673141976326 0.006049717430406439 0.11131335258986252
26.372841159494513 28.796226185534053 28.747567354718893 26.372816755446287 30.19046852194968 29.084079728453155 26.81313271432916 25.734760146098733 27.26851568512285 25.613889132932375 28.10005798458881 26.66465240366903 26.96458789485397 25.467952711599338 29.45358865678408 24.92065262494851 29.307783983841183 25.44124348525504 25.97461170869943 23.936359871998487 24.36847554038625 26.40295041502229 28.077411121627772 1.7449724862431215 11 12 0.011978219620760368 26.959766338580597 26.66465240366903 0.4782608695652174 13419.858248980094 45.63873964249911 0.05517593558388015 0.005728713731668002 0.10811574814592462
