zdm/data/optical/magnitudes_and_probabilities_vlt-fors2_R-SPECIAL.ecsv
# %ECSV 1.0
# ---
# datatype:
# - {name: FRB20180301A, datatype: float64}
# - {name: FRB20180916B, datatype: float64}
# - {name: FRB20190520B, datatype: float64}
# - {name: FRB20201124A, datatype: float64}
# - {name: FRB20210410D, datatype: float64}
# - {name: FRB20121102A, datatype: float64}
# - {name: FRB20180924B, datatype: float64}
# - {name: FRB20181112A, datatype: float64}
# - {name: FRB20190102C, datatype: float64}
# - {name: FRB20190608B, datatype: float64}
# - {name: FRB20190611B, datatype: float64}
# - {name: FRB20190711A, datatype: float64}
# - {name: FRB20190714A, datatype: float64}
# - {name: FRB20191001A, datatype: float64}
# - {name: FRB20200430A, datatype: float64}
# - {name: FRB20200906A, datatype: float64}
# - {name: FRB20210117A, datatype: float64}
# - {name: FRB20210320C, datatype: float64}
# - {name: FRB20210807D, datatype: float64}
# - {name: FRB20211127I, datatype: float64}
# - {name: FRB20211203C, datatype: float64}
# - {name: FRB20211212A, datatype: float64}
# - {name: FRB20220105A, datatype: float64}
# - {name: z, datatype: float64}
# - {name: n>lim, datatype: int64}
# - {name: n<lim, datatype: int64}
# - {name: p(z|DM), datatype: float64}
# - {name: mean, datatype: float64}
# - {name: median, datatype: float64}
# - {name: P(U|z), datatype: float64}
# - {name: d_L, unit: Mpc, datatype: float64}
# - {name: mu, unit: mag, datatype: float64}
# - {name: 'p(z|U,DM)', datatype: float64}
# - {name: P(U|z) * p(z|DM), datatype: float64}
# - {name: 'p(z|U,DM) gauss', datatype: float64}
# meta: !!omap
# - __serialized_columns__:
#     FRB20121102A:
#       __class__: astropy.units.quantity.Quantity
#       unit: !astropy.units.Unit {unit: ''}
#       value: !astropy.table.SerializedColumn {name: FRB20121102A}
#     FRB20180301A:
#       __class__: astropy.units.quantity.Quantity
#       unit: !astropy.units.Unit {unit: ''}
#       value: !astropy.table.SerializedColumn {name: FRB20180301A}
#     FRB20180916B:
#       __class__: astropy.units.quantity.Quantity
#       unit: !astropy.units.Unit {unit: ''}
#       value: !astropy.table.SerializedColumn {name: FRB20180916B}
#     FRB20180924B:
#       __class__: astropy.units.quantity.Quantity
#       unit: !astropy.units.Unit {unit: ''}
#       value: !astropy.table.SerializedColumn {name: FRB20180924B}
#     FRB20181112A:
#       __class__: astropy.units.quantity.Quantity
#       unit: !astropy.units.Unit {unit: ''}
#       value: !astropy.table.SerializedColumn {name: FRB20181112A}
#     FRB20190102C:
#       __class__: astropy.units.quantity.Quantity
#       unit: !astropy.units.Unit {unit: ''}
#       value: !astropy.table.SerializedColumn {name: FRB20190102C}
#     FRB20190520B:
#       __class__: astropy.units.quantity.Quantity
#       unit: !astropy.units.Unit {unit: ''}
#       value: !astropy.table.SerializedColumn {name: FRB20190520B}
#     FRB20190608B:
#       __class__: astropy.units.quantity.Quantity
#       unit: !astropy.units.Unit {unit: ''}
#       value: !astropy.table.SerializedColumn {name: FRB20190608B}
#     FRB20190611B:
#       __class__: astropy.units.quantity.Quantity
#       unit: !astropy.units.Unit {unit: ''}
#       value: !astropy.table.SerializedColumn {name: FRB20190611B}
#     FRB20190711A:
#       __class__: astropy.units.quantity.Quantity
[...]
#       __class__: astropy.units.quantity.Quantity
#       unit: !astropy.units.Unit {unit: ''}
#       value: !astropy.table.SerializedColumn {name: FRB20210807D}
#     FRB20211127I:
#       __class__: astropy.units.quantity.Quantity
#       unit: !astropy.units.Unit {unit: ''}
#       value: !astropy.table.SerializedColumn {name: FRB20211127I}
#     FRB20211203C:
#       __class__: astropy.units.quantity.Quantity
#       unit: !astropy.units.Unit {unit: ''}
#       value: !astropy.table.SerializedColumn {name: FRB20211203C}
#     FRB20211212A:
#       __class__: astropy.units.quantity.Quantity
#       unit: !astropy.units.Unit {unit: ''}
#       value: !astropy.table.SerializedColumn {name: FRB20211212A}
#     FRB20220105A:
#       __class__: astropy.units.quantity.Quantity
#       unit: !astropy.units.Unit {unit: ''}
#       value: !astropy.table.SerializedColumn {name: FRB20220105A}
#     d_L:
#       __class__: astropy.units.quantity.Quantity
#       unit: !astropy.units.Unit {unit: Mpc}
#       value: !astropy.table.SerializedColumn {name: d_L}
#     mu:
#       __class__: astropy.units.quantity.Quantity
#       unit: !astropy.units.Unit {unit: mag}
#       value: !astropy.table.SerializedColumn {name: mu}
# schema: astropy-2.0
FRB20180301A FRB20180916B FRB20190520B FRB20201124A FRB20210410D FRB20121102A FRB20180924B FRB20181112A FRB20190102C FRB20190608B FRB20190611B FRB20190711A FRB20190714A FRB20191001A FRB20200430A FRB20200906A FRB20210117A FRB20210320C FRB20210807D FRB20211127I FRB20211203C FRB20211212A FRB20220105A z n>lim n<lim p(z|DM) mean median P(U|z) d_L mu p(z|U,DM) "P(U|z) * p(z|DM)" "p(z|U,DM) gauss"
[from data line 1037]
27.666407531450044 31.142132003765433 30.228489050493327 27.698640130863048 32.68035041047518 30.235103220614615 28.43907700994437 27.034377413744238 28.671734620832332 26.964287409885955 29.53549372972607 27.847287626066226 28.468686768234516 27.130132464921992 31.322935304079557 26.246611422482992 30.699999078568755 26.802226624557093 27.154114696787758 25.152239569513192 25.566674921499512 28.129628652519724 29.668708559573208 3.1143721860930462 20 3 3.4815918234074504e-138 28.45588427046083 28.129628652519724 0.8695652173913043 27216.064875443513 47.17412665752809 2.915899816647967e-137 3.0274711507890875e-138 1.409877527560794e-14
27.668621201694567 31.146794438322548 30.230944056307404 27.700860428215165 32.68512324749548 30.237156186110195 28.44207242014958 27.03666076917084 28.674140760373316 26.96673567894585 29.538003795792413 27.849297142334485 28.471350542553743 27.133218947553985 31.32646110751349 26.248929238704626 30.702305250903855 26.80455176890808 27.15567588082007 25.15440938407783 25.568790470579362 28.132892095218267 29.671372327799293 3.117368684342171 20 3 1.6306245924951524e-138 28.458537701719326 28.132892095218267 0.8695652173913043 27247.609905355217 47.17664206509271 1.3656793189572684e-137 1.4179344282566543e-138 1.2748276565394544e-14
27.670833144898275 31.15144227400642 30.23339636485857 27.70307908046756 32.68989161714737 30.239200017735502 28.44505961392837 27.038942838092325 28.676542479382814 26.96917978879185 29.540510179299694 27.85130653641927 28.474011136287473 27.136299723883216 31.32997890703833 26.251245431234885 30.70460804740768 26.806875218452795 27.157241780660488 25.156575898054548 25.57090099074943 28.136136605978763 29.674033618431743 3.1203651825912955 20 3 5.043329837301948e-141 28.46118657796554 28.136136605978763 0.8695652173913043 27279.159633986255 47.17915493623744 4.22388530700629e-140 4.3855042063495195e-141 1.1525339391074967e-14
27.673045916747647 31.15610917750159 30.235849489698637 27.70529838832696 32.69466214537592 30.24124272089567 28.448045447235927 27.041226740081097 28.678942286823418 26.971623772166847 29.543016409843453 27.853316707918832 28.4766732362499 27.139388327631472 31.333487836646828 26.253564104394354 30.706912811430804 26.809199848716347 27.158810555148094 25.158742019633515 25.573011235058235 28.139377793470324 29.676695436720145 3.12336168084042 20 3 3.4760302198176406e-141 28.463836626422438 28.139377793470324 0.8695652173913043 27310.714055455875 47.18166527592573 2.9112418671494746e-140 3.02263497375447e-141 1.0418090544473969e-14
27.675259155901536 31.160775732162207 30.238303654130494 27.70751786248819 32.699448826872185 30.24328286292097 28.451036297409075 27.043512389125034 28.681344864493518 26.974069532797845 29.545525538361428 27.855328528787823 28.479337173354978 27.14247901588736 31.337009489878835 26.255884266108183 30.70921488432318 26.811525469892985 27.16038214443987 25.160908021567998 25.57512067315077 28.142620337930122 29.67935986203194 3.1263581790895447 20 3 1.9087306023333333e-141 28.46648898191376 28.142620337930122 0.8695652173913043 27342.27316389626 47.1841730891067 1.5985984272926588e-140 1.6597657411594203e-141 9.415745040765112e-15
27.67747195100928 31.165487037045278 30.24076079404995 27.70973671823592 32.70424258044252 30.24532930654936 28.454027412919558 27.04580109051658 28.683746496503613 26.976513262869304 29.548034295141594 27.857341874421042 28.482001154066904 27.1455759704835 31.340526209309573 26.25820695966441 30.711525024220595 26.81385116898465 27.161962577327845 25.163069799251964 25.5772291374602 28.14587003786876 29.682024768960886 3.1293546773386693 20 3 3.414309848490261e-142 28.469145027274056 28.14587003786876 0.8695652173913043 27373.836953452515 47.18667838071522 2.8595498743584263e-141 2.968965085643705e-142 8.508507986207162e-15
27.67968108461845 31.1701233712653 30.243211056764277 27.711954026850727 32.70902347496434 30.247356484831244 28.457023603829832 27.048086900052407 28.68615392689916 26.978951515885107 29.550545646910766 27.85935556585745 28.484660004273806 27.14865325711418 31.344065521269787 26.260525198222794 30.713820901867702 26.81617551572547 27.16354644007824 25.165227779914222 25.579336907932415 28.1491199043908 29.68468738837736 3.132351175587794 20 3 2.9828869398222103e-144 28.47179502077807 28.1491199043908 0.8695652173913043 27405.405418282597 47.18918115567193 2.498224927584021e-143 2.593814730280183e-144 7.687485144455404e-15
27.68188698874667 31.174759755419448 30.24565341960161 27.714167290144587 32.71377246377856 30.24937865441953 28.460001619655557 27.050368091290004 28.688549488787622 26.98138441216024 29.553048122641925 27.861368410286737 28.48731089356205 27.151727358974732 31.347570084522033 26.26283972610128 30.716115249371704 26.81849502005434 27.165133057317654 25.16738398959938 25.581440824325284 28.15236742981735 29.687340076231056 3.135347673836918 20 3 1.8153124883798093e-144 28.4744374968178 28.15236742981735 0.8695652173913043 27436.978552557288 47.191681418883334 1.5203589681127244e-143 1.5785325985911384e-144 6.9446014443141776e-15
27.68409128316815 31.179388991535593 30.24809342997476 27.71637908519118 32.71851871702119 30.251397468310476 28.462979006275763 27.0526508461371 28.69094342913526 26.983816637429825 29.555548917939426 27.863381100893683 28.489960216804647 27.15479791774523 31.351073838005135 26.265155239428143 30.71840550492352 26.820812892740165 27.16672632893967 25.169537809072263 25.583543288991542 28.1556010498514 29.689990680668892 3.1383441720860428 20 3 6.477380369372354e-145 28.477077986094915 28.1556010498514 0.8695652173913043 27468.556350460163 47.19417917524182 5.424930086412832e-144 5.6325046690194384e-145 6.272526736428028e-15
27.686293523029924 31.18404260378464 30.25053059354782 27.718588392041884 32.723254245326935 30.253398413252274 28.46595123289986 27.054931435568605 28.69333396128331 26.986244259808707 29.558046638608353 27.865393317328746 28.49260570286303 27.157873539537935 31.354569357426428 26.26746894889998 30.720703410328582 26.82312834438491 27.168321858421596 25.171688709261257 25.58564356553797 28.158832415927453 29.69263703722126 3.1413406703351674 20 3 2.2090345873019584e-147 28.479716587230065 28.158832415927453 0.8695652173913043 27500.138806187508 47.1966744296257 1.850108764840401e-146 1.9208996411321377e-147 5.664608165646147e-15
27.688503558587207 31.188737348937458 30.252982394053255 27.720800943502375 32.72805761670843 30.255391495894862 28.46893667902578 27.057213384830725 28.695734958479076 26.988675018722276 29.560556105894396 27.867409150481386 28.49526311503396 27.16096927117196 31.358092094699195 26.269786191353948 30.72300318447628 26.82545229205892 27.16990703310989 25.173844114067837 25.58773856393571 28.162058469423865 29.6952986103306 3.144337168584292 20 3 1.4451204826797757e-147 28.482365721512146 28.162058469423865 0.8695652173913043 27531.72591394837 47.199167186899345 1.2103160750061984e-146 1.2566265066780656e-147 5.1148085800566775e-15
27.690707329936597 31.193390618716595 30.255424754674696 27.723009605466395 32.73283555028783 30.257392345695703 28.471922105030224 27.059493934855332 28.69813650281229 26.991101093631897 29.563064174472533 27.869424669279827 28.49791200520441 27.164045339223666 31.36162645690513 26.2721000219544 30.72529444472258 26.827771594732063 27.1715017103821 25.17599356850323 25.58983183536517 28.165315200069692 29.69795306530066 3.1473336668334166 20 3 6.812063780575926e-148 28.485010779444487 28.165315200069692 0.8695652173913043 27563.317667964402 47.20165745191313 5.705233851719958e-147 5.9235337222399356e-148 4.617650447405919e-15
27.69291008773823 31.198087067184673 30.257868115557063 27.725216098536713 32.73761271149668 30.259397105520144 28.474899057555906 27.061775771729472 28.700530151071572 26.993525664830234 29.565565102239603 27.87143866182141 28.500559832151133 27.167130486076513 31.365137859743243 26.27441525403592 30.727597577339427 26.830088252260104 27.173101237351382 25.178139723524808 25.59192307326419 28.168562765901747 29.70060425575399 3.1503301650825413 20 3 1.4148271483529832e-150 28.487655909247135 28.168562765901747 0.8695652173913043 27594.91406246992 47.20414522950357 1.1849448274592365e-149 1.230284476828681e-150 4.168164795144854e-15
27.695115033418176 31.202752055044783 30.260317324965648 27.72742566169438 32.74242496482814 30.261383206206997 28.47789797938239 27.06406008982281 28.702937275985168 26.995952188649742 29.568078699863307 27.87345400975777 28.503212893504156 27.170211832370214 31.368684073180773 26.276731205939285 30.729884580401787 26.832410852541223 27.17469786832765 25.18028627421135 25.594018165870096 28.171803606445867 29.70326501735358 3.153326663331666 20 3 9.766266783051703e-151 28.490304559120233 28.171803606445867 0.8695652173913043 27626.515091711775 47.20663052449331 8.17943543254435e-150 8.49240589830583e-151 3.761844732040038e-15
27.69731107017105 31.207393332634798 30.26275014201547 27.7296236223464 32.747172889109216 30.263355929616882 28.480863813176338 27.066331956317015 28.70532581148081 26.99836473590105 29.570572958723645 27.875463218786525 28.505847387083985 27.173277469145745 31.37218877318906 26.279036057403783 30.732168688506228 26.834720181905336 27.17629447941638 25.182426452314882 25.596101110061063 28.17506391630282 29.705904226417093 3.15632316158079 20 3 5.384262082574226e-151 28.492937314001118 28.17506391630282 0.8695652173913043 27658.120749949423 47.209113341691236 4.5094225904968814e-150 4.681967028325414e-151 3.394603147458046e-15
27.69950028575934 31.212019492926757 30.265176107777883 27.73181374177641 32.751905309115955 30.265319762692503 28.483820793485 27.068594469569366 28.70771091035781 27.00076473930404 29.573061992619586 27.877469533763982 28.508470097732094 27.176329662033343 31.37568900828171 26.281331320222186 30.73444852149002 26.837022843912457 27.177889766172115 25.184558053524103 25.59817578944894 28.178292898088767 29.708535330391403 3.1593196598299147 20 3 1.0022573820961004e-151 28.495560888280263 28.178292898088767 0.8695652173913043 27689.731031454783 47.21159368589249 8.394097484488701e-151 8.715281583444352e-152 3.0627342193735147e-15
27.701688218963717 31.2166603474515 30.267601739948017 27.734001470425266 32.75664478205591 30.267274687421622 28.486773983196386 27.070854273736778 28.710092700174744 27.003161401459717 29.57554859967701 27.879474851479934 28.511091570096063 27.179384766405533 31.37918252542899 26.2836248153382 30.73672958783128 26.839323193270666 27.179484186585118 25.186687876133355 25.600244254459984 28.18151300906162 29.711165063789203 3.1623161580790393 20 3 5.6443709610970456e-154 28.498182952364804 28.18151300906162 0.8695652173913043 27721.34593051226 47.21407156187853 4.727268756751632e-153 4.908148661823518e-154 2.7628783941312467e-15
27.70387570226642 31.22129496658956 30.270028076065117 27.736187312875593 32.761391831408204 30.269222884774287 28.48972770125939 27.073112160446158 28.712475942801813 27.005554940774537 29.578035989665704 27.881478962753746 28.513711968815947 27.182438101642905 31.382684012166347 26.28591616906607 30.73900669353413 26.841623482780015 27.18107572563273 25.18881555306079 25.60230873626694 28.184732449068697 29.7137950598804 3.165312656328164 20 3 3.4444694395013115e-154 28.50080410537372 28.184732449068697 0.8695652173913043 27752.96544141866 47.21654697441717 2.8848091093175754e-153 2.995190816957662e-154 2.4919905302533297e-15
27.70605842947227 31.225925903602494 30.272449225476915 27.738368025882004 32.76612724922189 30.2711613463864 28.492672700433737 27.075363746504916 28.71485444595955 27.007940623700897 29.58051785447455 27.883480910596287 28.516324787108513 27.18548474954197 31.386177859335376 26.28820147507828 30.741280492605007 26.843918204651345 27.182667676013782 25.190938241239223 25.604366789375852 28.18795615596594 29.716418567559572 3.1683091545772886 20 3 1.2445679179055788e-154 28.50341980261682 28.18795615596594 0.8695652173913043 27784.589558483214 47.219019928262654 1.04234946188352e-153 1.0822329720918076e-154 2.2473109253545607e-15
27.708237042316853 31.230593382179794 30.2748672606921 27.740542496443336 32.77086135058428 30.27308730796928 28.49561151434102 27.07760839389239 28.717229308906298 27.01031830774525 29.582995134212247 27.885479064295193 28.51893089532684 27.18853195115303 31.389668118946517 26.29048018860975 30.743565834778245 26.846207769504424 27.1842542556832 25.193055904486968 25.60641699675766 28.1911708373041 29.71903656526063 3.171305652826413 20 3 2.800740012593699e-157 28.506032603538667 28.1911708373041 0.8695652173913043 27816.21827602746 47.22149042815569 2.3456733883318425e-156 2.4354260979075642e-157 2.0263389697167065e-15
27.710432634326366 31.235342586670182 30.27731855265467 27.742729846343252 32.77572184759596 30.27500914279468 28.498576582767022 27.079867271095296 28.7196190836638 27.01271305777771 29.585490598042682 27.88747761715527 28.52156805856129 27.191625970487433 31.393192720406006 26.292776853089425 30.745858862383322 26.848516866727735 27.18582455291464 25.195185111577633 25.60846958854194 28.194381230010922 29.721686070189186 3.174302151075538 20 3 1.8358922786787373e-157 28.50866890025115 28.194381230010922 0.8695652173913043 27847.85158838528 47.22395847882352 1.5375949365441322e-156 1.596428068416293e-157 1.8268091924668792e-15
27.712615575854812 31.239978573920784 30.27974383590726 27.74490622015257 32.7804900176905 30.27690794949061 28.501532857679955 27.08210895337622 28.72201304225022 27.015089660985993 29.587983898426646 27.8894802828979 28.524177704488114 27.194671792656408 31.396739372370533 26.295053595324042 30.748126376607434 26.850812889805177 27.18740332271041 25.197305445392196 25.610520927960266 28.197646879257753 29.724313392748137 3.177298649324662 20 3 8.710445447639181e-158 28.511287937737126 28.197646879257753 0.8695652173913043 27879.4894899028 47.22642408497991 7.295164847565415e-157 7.574300389251462e-158 1.6466694867828786e-15
27.714785893258444 31.244604033389937 30.28215499966862 27.747066628233537 32.785213292339094 30.278788388918105 28.504446600063375 27.08433180449548 28.72438078596221 27.017443202623298 29.59045068139583 27.89147123034632 28.526765427383488 27.1977004832341 31.400222602746002 26.297313416803604 30.75039199755163 26.85309163304549 27.18897532032655 25.199412312438618 25.61254760558807 28.200879633022314 29.72691889777814 3.1802951475737866 20 3 1.1955494707417764e-160 28.513885081330965 28.200879633022314 0.8695652173913043 27911.131974938413 47.22888725132533 1.0012955737923508e-159 1.0396082354276317e-160 1.4840613192683184e-15
27.716954452181092 31.249243158814327 30.284565848159694 27.749223827234673 32.78994244147792 30.280660808070834 28.50735347034737 27.08654788779395 28.726746228586578 27.019790200953956 29.592915306291477 27.893459798049264 28.529349420475864 27.200729841206982 31.403702675130702 26.299567767788517 30.752659504909275 26.855368124846834 27.19054041255341 25.20151681157886 25.614567801048093 28.204079288457304 29.729522716781815 3.1832916458229112 20 3 8.265347851800222e-161 28.516478599684294 28.204079288457304 0.8695652173913043 27942.779037862685 47.231347982546836 6.922387088446297e-160 7.18725900156541e-161 1.337301745752455e-15
