papers/lsst/Photometric/CRACO/Smeared_and_zFrac.ecsv
# %ECSV 1.0
# ---
# datatype:
# - {name: TNS, datatype: string}
# - {name: DM, datatype: float64}
# - {name: RA, datatype: string}
# - {name: DEC, datatype: string}
# - {name: Z, datatype: float64}
# - {name: SNR, datatype: float64}
# - {name: WIDTH, datatype: float64}
# - {name: Gl, unit: deg, datatype: float64}
# - {name: Gb, unit: deg, datatype: float64}
# - {name: DMG, datatype: float64}
# - {name: FBAR, datatype: float64}
# - {name: BW, datatype: float64}
# meta: !!omap
# - {survey_data: '{"observing": {"NORM_FRB": 17,"TOBS": 64.68,"MAX_IW": 8, "MAXWMETH": 2, "Z_FRACTION": 24.7, "Z_PHOTO": 0.03},
#                   "telescope": {"BEAM": "CRACO_900", "DMMASK": "craco_900_mask.npy",
#                                 "DIAM": 12.0, "NBEAMS": 1, "NBINS": 5, "FBAR": 906,
#                                 "TRES": 13.8, "FRES": 1.0, "THRESH": 1.01}}'}
TNS        DM             RA      DEC         Z                 SNR                   WIDTH        Gl      Gb     DMG           FBAR     BW
1    616.5738602258931   00:00:00  00:00:00  0.8349135358303849       10.160405042320036       -1.0    -1.0    -1.0    35.0    888     288     
2    946.6052448796315   00:00:00  00:00:00  0.6474993506647525       10.652772181822607       -1.0    -1.0    -1.0    35.0    888     288     
3    586.5727013781997   00:00:00  00:00:00  0.12495187173178796      12.415341138097366       -1.0    -1.0    -1.0    35.0    888     288     
4    2153.3992719321486  00:00:00  00:00:00  0.8036468331892808       12.24289806494758        -1.0    -1.0    -1.0    35.0    888     288     
6    529.8895060996854   00:00:00  00:00:00  0.603211700191891        13.133173041616157       -1.0    -1.0    -1.0    35.0    888     288     
8    412.87460299855934  00:00:00  00:00:00  0.21865062413724176      12.846680716802911       -1.0    -1.0    -1.0    35.0    888     288     
9    701.6217045820609   00:00:00  00:00:00  0.7299571477022802       10.341966201772214       -1.0    -1.0    -1.0    35.0    888     288     
10   205.82201397136845  00:00:00  00:00:00  0.06074866029287343      20.941567140489564       -1.0    -1.0    -1.0    35.0    888     288     
12   275.5937204880448   00:00:00  00:00:00  0.09245951767772358      91.38695892704916        -1.0    -1.0    -1.0    35.0    888     288     
13   436.349204138444    00:00:00  00:00:00  0.44564144183478205      15.275450861578175       -1.0    -1.0    -1.0    35.0    888     288     
14   295.6406494853049   00:00:00  00:00:00  0.1442212477744424       11.219409175951904       -1.0    -1.0    -1.0    35.0    888     288     
15   291.6471440894715   00:00:00  00:00:00  0.2990568845451625       11.18814447805394        -1.0    -1.0    -1.0    35.0    888     288     
16   1618.8558318442904  00:00:00  00:00:00  0.9448819250948836       24.749670081652773       -1.0    -1.0    -1.0    35.0    888     288     
17   983.9563468218174   00:00:00  00:00:00  0.5110387741801308       12.591584618769005       -1.0    -1.0    -1.0    35.0    888     288     
19   645.2399497353754   00:00:00  00:00:00  0.49888042615577133      10.286082085018421       -1.0    -1.0    -1.0    35.0    888     288     
20   539.5953081699104   00:00:00  00:00:00  0.6182169860530876       35.45318302068964        -1.0    -1.0    -1.0    35.0    888     288     
21   443.6632526190763   00:00:00  00:00:00  0.596702703542215        14.319328661152863       -1.0    -1.0    -1.0    35.0    888     288     
22   81.45567951589115   00:00:00  00:00:00  0.06896887062626902      15.566080612070119       -1.0    -1.0    -1.0    35.0    888     288     
23   374.91893100970947  00:00:00  00:00:00  0.08654025153807617      29.766613679561118       -1.0    -1.0    -1.0    35.0    888     288     
25   711.626862396593    00:00:00  00:00:00  0.14070511599819086      13.229440860953233       -1.0    -1.0    -1.0    35.0    888     288     
26   356.4667997984884   00:00:00  00:00:00  0.44644296786158993      20.3929051321851         -1.0    -1.0    -1.0    35.0    888     288     
27   405.6849410353128   00:00:00  00:00:00  0.43892086227384686      12.020783061083032       -1.0    -1.0    -1.0    35.0    888     288     
28   438.56039965043755  00:00:00  00:00:00  0.41899323244205144      14.962222736067005       -1.0    -1.0    -1.0    35.0    888     288     
29   1032.0031340800927  00:00:00  00:00:00  1.0111782328413856       12.249965125983609       -1.0    -1.0    -1.0    35.0    888     288     
30   217.45075943955328  00:00:00  00:00:00  0.18461768474454746      13.329278119983234       -1.0    -1.0    -1.0    35.0    888     288     
31   337.87773894962976  00:00:00  00:00:00  0.3539648344531408       15.842464362846469       -1.0    -1.0    -1.0    35.0    888     288     
32   747.9605061576287   00:00:00  00:00:00  0.40398282515571504      11.35266012864496        -1.0    -1.0    -1.0    35.0    888     288     
35   163.23187688161033  00:00:00  00:00:00  0.1333990348830121       78.61411210143966        -1.0    -1.0    -1.0    35.0    888     288     
37   392.6137583987218   00:00:00  00:00:00  0.31949791108182546      16.89212239318249        -1.0    -1.0    -1.0    35.0    888     288     
40   758.3297416501492   00:00:00  00:00:00  0.6401398012876773       12.85406115188814        -1.0    -1.0    -1.0    35.0    888     288     
41   196.42239794857238  00:00:00  00:00:00  0.15281141706879714      36.32216074676754        -1.0    -1.0    -1.0    35.0    888     288     
42   300.9638203550653   00:00:00  00:00:00  0.38656404639181324      13.974445331317181       -1.0    -1.0    -1.0    35.0    888     288     
43   819.1568769824953   00:00:00  00:00:00  0.8538690229315276       10.172610101290998       -1.0    -1.0    -1.0    35.0    888     288     
45   171.9322515506212   00:00:00  00:00:00  0.151862894364487        34.7413812643017         -1.0    -1.0    -1.0    35.0    888     288     
47   489.25638240698544  00:00:00  00:00:00  0.5271052638239554       16.173416507939116       -1.0    -1.0    -1.0    35.0    888     288     
48   303.6841850164093   00:00:00  00:00:00  0.25795471657648067      10.375992085957462       -1.0    -1.0    -1.0    35.0    888     288     
49   875.3662532129479   00:00:00  00:00:00  0.6415497100158352       10.214362638300399       -1.0    -1.0    -1.0    35.0    888     288     
50   716.6818881006753   00:00:00  00:00:00  0.6864110893626921       14.452157966062835       -1.0    -1.0    -1.0    35.0    888     288     
51   1780.2827105839892  00:00:00  00:00:00  1.3436702111751808       10.3884232109404         -1.0    -1.0    -1.0    35.0    888     288     
52   996.2724896444047   00:00:00  00:00:00  0.5216743407822534       13.213225298728211       -1.0    -1.0    -1.0    35.0    888     288     
54   1126.5413295499866  00:00:00  00:00:00  1.0336520109034335       17.051568734514          -1.0    -1.0    -1.0    35.0    888     288     
55   450.88973429474333  00:00:00  00:00:00  0.36252077841437375      10.69280211941846        -1.0    -1.0    -1.0    35.0    888     288     
57   1489.8174891533963  00:00:00  00:00:00  0.46010099973404217      52.449273584894264       -1.0    -1.0    -1.0    35.0    888     288     
61   244.32835931715942  00:00:00  00:00:00  0.1512188351440696       22.08068896327773        -1.0    -1.0    -1.0    35.0    888     288     
62   170.42643162915402  00:00:00  00:00:00  0.15963831683903665      11.891868553016314       -1.0    -1.0    -1.0    35.0    888     288     
64   896.3411776022986   00:00:00  00:00:00  0.83352003928136         13.956903508254495       -1.0    -1.0    -1.0    35.0    888     288     
65   673.4550793235062   00:00:00  00:00:00  0.5008895818994006       34.96309565327556        -1.0    -1.0    -1.0    35.0    888     288     
66   409.3504561455062   00:00:00  00:00:00  0.38651409263865677      17.073302923618904       -1.0    -1.0    -1.0    35.0    888     288     
68   455.1932713332237   00:00:00  00:00:00  0.7629777494045573       13.581352455460024       -1.0    -1.0    -1.0    35.0    888     288     
69   212.5080624683044   00:00:00  00:00:00  0.24562999100714805      72.07735525486979        -1.0    -1.0    -1.0    35.0    888     288     
70   208.83082789773542  00:00:00  00:00:00  0.09345708729049836      35.86335125977792        -1.0    -1.0    -1.0    35.0    888     288     
71   218.52612475416436  00:00:00  00:00:00  0.2169993110272826       30.226196813374152       -1.0    -1.0    -1.0    35.0    888     288     
73   218.79115225062986  00:00:00  00:00:00  0.031212774818377767     14.217908248312149       -1.0    -1.0    -1.0    35.0    888     288     
74   618.4593505087528   00:00:00  00:00:00  0.7560975114810532       11.664308801315117       -1.0    -1.0    -1.0    35.0    888     288     
75   652.0130715223407   00:00:00  00:00:00  0.7242255489992683       12.468451895755134       -1.0    -1.0    -1.0    35.0    888     288     
76   673.0857403351645   00:00:00  00:00:00  0.9253391770587509       14.050855469722556       -1.0    -1.0    -1.0    35.0    888     288     
79   656.9337821238685   00:00:00  00:00:00  0.7718799884749266       11.233631650878838       -1.0    -1.0    -1.0    35.0    888     288     
80   1138.704218112882   00:00:00  00:00:00  1.4103564032980764       26.539797617550633       -1.0    -1.0    -1.0    35.0    888     288     
81   620.5653235040173   00:00:00  00:00:00  0.3608403500538981       21.45481401537115        -1.0    -1.0    -1.0    35.0    888     288     
83   552.5443734504142   00:00:00  00:00:00  0.48084252190706855      21.543404977178355       -1.0    -1.0    -1.0    35.0    888     288     
84   573.8507253223063   00:00:00  00:00:00  0.48740732199390757      11.084164653890928       -1.0    -1.0    -1.0    35.0    888     288     
85   420.6998183657156   00:00:00  00:00:00  0.44320207044782256      17.32850048985882        -1.0    -1.0    -1.0    35.0    888     288     
86   439.5439082870578   00:00:00  00:00:00  0.2783782253902463       35.833665311539534       -1.0    -1.0    -1.0    35.0    888     288     
88   450.20877052020955  00:00:00  00:00:00  0.19926746916562046      12.665759219918368       -1.0    -1.0    -1.0    35.0    888     288     
89   110.1657516020332   00:00:00  00:00:00  0.1195172001672582       18.200353247030144       -1.0    -1.0    -1.0    35.0    888     288     
90   443.8604241510417   00:00:00  00:00:00  0.33340333195524796      13.242335799793306       -1.0    -1.0    -1.0    35.0    888     288     
91   444.686556791516    00:00:00  00:00:00  0.4191471059154911       13.80369034602879        -1.0    -1.0    -1.0    35.0    888     288     
92   562.5781184397683   00:00:00  00:00:00  0.680176372049107        10.27995831481763        -1.0    -1.0    -1.0    35.0    888     288     
93   167.62653574722364  00:00:00  00:00:00  0.0389571382922253       17.570916297751136       -1.0    -1.0    -1.0    35.0    888     288     
94   481.62428400668705  00:00:00  00:00:00  0.48270894964902716      11.826070143713975       -1.0    -1.0    -1.0    35.0    888     288     
95   475.5794761937849   00:00:00  00:00:00  0.5935539854869426       12.987091653999931       -1.0    -1.0    -1.0    35.0    888     288     
96   295.3711932454349   00:00:00  00:00:00  0.2618277155954746       11.871291318754192       -1.0    -1.0    -1.0    35.0    888     288     
98   584.9391974583868   00:00:00  00:00:00  0.6519095988358196       10.372529937559637       -1.0    -1.0    -1.0    35.0    888     288     
99   1076.886030040255   00:00:00  00:00:00  1.023384185705521        14.901426606089192       -1.0    -1.0    -1.0    35.0    888     288     
