papers/lsst/Photometric/CRACO/zFrac.ecsv
# %ECSV 1.0
# ---
# datatype:
# - {name: TNS, datatype: string}
# - {name: DM, datatype: float64}
# - {name: RA, datatype: string}
# - {name: DEC, datatype: string}
# - {name: Z, datatype: float64}
# - {name: SNR, datatype: float64}
# - {name: WIDTH, datatype: float64}
# - {name: Gl, unit: deg, datatype: float64}
# - {name: Gb, unit: deg, datatype: float64}
# - {name: DMG, datatype: float64}
# - {name: FBAR, datatype: float64}
# - {name: BW, datatype: float64}
# meta: !!omap
# - {survey_data: '{"observing": {"NORM_FRB": 17,"TOBS": 64.68,"MAX_IW": 8, "MAXWMETH": 2, "Z_FRACTION": 24.7},
#                   "telescope": {"BEAM": "CRACO_900", "DMMASK": "craco_900_mask.npy",
#                                 "DIAM": 12.0, "NBEAMS": 1, "NBINS": 5, "FBAR": 906,
#                                 "TRES": 13.8, "FRES": 1.0, "THRESH": 1.01}}'}
TNS        DM             RA      DEC         Z                 SNR                   WIDTH        Gl      Gb     DMG           FBAR     BW
1    616.5738602258931   00:00:00  00:00:00  0.8905487730463858       10.160405042320036       -1.0    -1.0    -1.0    35.0    888     288     
2    946.6052448796315   00:00:00  00:00:00  0.6740538677349737       10.652772181822607       -1.0    -1.0    -1.0    35.0    888     288     
3    586.5727013781997   00:00:00  00:00:00  0.076308758479808        12.415341138097366       -1.0    -1.0    -1.0    35.0    888     288     
4    2153.3992719321486  00:00:00  00:00:00  0.7719105683125631       12.24289806494758        -1.0    -1.0    -1.0    35.0    888     288     
6    529.8895060996854   00:00:00  00:00:00  0.6148674711657728       13.133173041616157       -1.0    -1.0    -1.0    35.0    888     288     
8    412.87460299855934  00:00:00  00:00:00  0.20437591335992997      12.846680716802911       -1.0    -1.0    -1.0    35.0    888     288     
9    701.6217045820609   00:00:00  00:00:00  0.7971964864511405       10.341966201772214       -1.0    -1.0    -1.0    35.0    888     288     
10   205.82201397136845  00:00:00  00:00:00  0.035084600186595774     20.941567140489564       -1.0    -1.0    -1.0    35.0    888     288     
12   275.5937204880448   00:00:00  00:00:00  0.18195765690908733      91.38695892704916        -1.0    -1.0    -1.0    35.0    888     288     
13   436.349204138444    00:00:00  00:00:00  0.43889114213816116      15.275450861578175       -1.0    -1.0    -1.0    35.0    888     288     
14   295.6406494853049   00:00:00  00:00:00  0.20716845953629162      11.219409175951904       -1.0    -1.0    -1.0    35.0    888     288     
15   291.6471440894715   00:00:00  00:00:00  0.25353674073624666      11.18814447805394        -1.0    -1.0    -1.0    35.0    888     288     
16   1618.8558318442904  00:00:00  00:00:00  0.8938125640216341       24.749670081652773       -1.0    -1.0    -1.0    35.0    888     288     
17   983.9563468218174   00:00:00  00:00:00  0.5198177045244614       12.591584618769005       -1.0    -1.0    -1.0    35.0    888     288     
19   645.2399497353754   00:00:00  00:00:00  0.5654604349809239       10.286082085018421       -1.0    -1.0    -1.0    35.0    888     288     
20   539.5953081699104   00:00:00  00:00:00  0.5580214108898183       35.45318302068964        -1.0    -1.0    -1.0    35.0    888     288     
21   443.6632526190763   00:00:00  00:00:00  0.5313222499329159       14.319328661152863       -1.0    -1.0    -1.0    35.0    888     288     
22   81.45567951589115   00:00:00  00:00:00  0.03213122638515013      15.566080612070119       -1.0    -1.0    -1.0    35.0    888     288     
23   374.91893100970947  00:00:00  00:00:00  0.1090230764363179       29.766613679561118       -1.0    -1.0    -1.0    35.0    888     288     
25   711.626862396593    00:00:00  00:00:00  0.14735854842537668      13.229440860953233       -1.0    -1.0    -1.0    35.0    888     288     
26   356.4667997984884   00:00:00  00:00:00  0.4130361237696566       20.3929051321851         -1.0    -1.0    -1.0    35.0    888     288     
27   405.6849410353128   00:00:00  00:00:00  0.4022419934538231       12.020783061083032       -1.0    -1.0    -1.0    35.0    888     288     
28   438.56039965043755  00:00:00  00:00:00  0.3146015685795931       14.962222736067005       -1.0    -1.0    -1.0    35.0    888     288     
29   1032.0031340800927  00:00:00  00:00:00  1.029340230030751        12.249965125983609       -1.0    -1.0    -1.0    35.0    888     288     
30   217.45075943955328  00:00:00  00:00:00  0.19288729564479787      13.329278119983234       -1.0    -1.0    -1.0    35.0    888     288     
31   337.87773894962976  00:00:00  00:00:00  0.3614030695297573       15.842464362846469       -1.0    -1.0    -1.0    35.0    888     288     
32   747.9605061576287   00:00:00  00:00:00  0.39117198763502004      11.35266012864496        -1.0    -1.0    -1.0    35.0    888     288     
35   163.23187688161033  00:00:00  00:00:00  0.09607781547873054      78.61411210143966        -1.0    -1.0    -1.0    35.0    888     288     
37   392.6137583987218   00:00:00  00:00:00  0.3061610972555812       16.89212239318249        -1.0    -1.0    -1.0    35.0    888     288     
40   758.3297416501492   00:00:00  00:00:00  0.6073490122867862       12.85406115188814        -1.0    -1.0    -1.0    35.0    888     288     
41   196.42239794857238  00:00:00  00:00:00  0.14294900372874897      36.32216074676754        -1.0    -1.0    -1.0    35.0    888     288     
42   300.9638203550653   00:00:00  00:00:00  0.39351448198009875      13.974445331317181       -1.0    -1.0    -1.0    35.0    888     288     
43   819.1568769824953   00:00:00  00:00:00  0.8261842130673787       10.172610101290998       -1.0    -1.0    -1.0    35.0    888     288     
45   171.9322515506212   00:00:00  00:00:00  0.13935267661456355      34.7413812643017         -1.0    -1.0    -1.0    35.0    888     288     
47   489.25638240698544  00:00:00  00:00:00  0.5445495899312375       16.173416507939116       -1.0    -1.0    -1.0    35.0    888     288     
48   303.6841850164093   00:00:00  00:00:00  0.2974040403504351       10.375992085957462       -1.0    -1.0    -1.0    35.0    888     288     
49   875.3662532129479   00:00:00  00:00:00  0.6489281792071373       10.214362638300399       -1.0    -1.0    -1.0    35.0    888     288     
50   716.6818881006753   00:00:00  00:00:00  0.6543631275867287       14.452157966062835       -1.0    -1.0    -1.0    35.0    888     288     
51   1780.2827105839892  00:00:00  00:00:00  1.3064991817591554       10.3884232109404         -1.0    -1.0    -1.0    35.0    888     288     
52   996.2724896444047   00:00:00  00:00:00  0.5101162519209581       13.213225298728211       -1.0    -1.0    -1.0    35.0    888     288     
54   1126.5413295499866  00:00:00  00:00:00  1.0047522761163254       17.051568734514          -1.0    -1.0    -1.0    35.0    888     288     
55   450.88973429474333  00:00:00  00:00:00  0.3469329170116606       10.69280211941846        -1.0    -1.0    -1.0    35.0    888     288     
57   1489.8174891533963  00:00:00  00:00:00  0.462264715753818        52.449273584894264       -1.0    -1.0    -1.0    35.0    888     288     
61   244.32835931715942  00:00:00  00:00:00  0.18847008443468843      22.08068896327773        -1.0    -1.0    -1.0    35.0    888     288     
62   170.42643162915402  00:00:00  00:00:00  0.15429769730152024      11.891868553016314       -1.0    -1.0    -1.0    35.0    888     288     
64   896.3411776022986   00:00:00  00:00:00  0.8626798876083768       13.956903508254495       -1.0    -1.0    -1.0    35.0    888     288     
65   673.4550793235062   00:00:00  00:00:00  0.5256410065154973       34.96309565327556        -1.0    -1.0    -1.0    35.0    888     288     
66   409.3504561455062   00:00:00  00:00:00  0.3643567026018635       17.073302923618904       -1.0    -1.0    -1.0    35.0    888     288     
68   455.1932713332237   00:00:00  00:00:00  0.6951890165407291       13.581352455460024       -1.0    -1.0    -1.0    35.0    888     288     
69   212.5080624683044   00:00:00  00:00:00  0.26945046670279904      72.07735525486979        -1.0    -1.0    -1.0    35.0    888     288     
70   208.83082789773542  00:00:00  00:00:00  0.11830405147347496      35.86335125977792        -1.0    -1.0    -1.0    35.0    888     288     
71   218.52612475416436  00:00:00  00:00:00  0.22535984531358233      30.226196813374152       -1.0    -1.0    -1.0    35.0    888     288     
73   218.79115225062986  00:00:00  00:00:00  0.07542156240114564      14.217908248312149       -1.0    -1.0    -1.0    35.0    888     288     
74   618.4593505087528   00:00:00  00:00:00  0.7604740031756679       11.664308801315117       -1.0    -1.0    -1.0    35.0    888     288     
75   652.0130715223407   00:00:00  00:00:00  0.7035573057923941       12.468451895755134       -1.0    -1.0    -1.0    35.0    888     288     
76   673.0857403351645   00:00:00  00:00:00  0.8590470713360423       14.050855469722556       -1.0    -1.0    -1.0    35.0    888     288     
79   656.9337821238685   00:00:00  00:00:00  0.8078859860053357       11.233631650878838       -1.0    -1.0    -1.0    35.0    888     288     
80   1138.704218112882   00:00:00  00:00:00  1.4053123916613104       26.539797617550633       -1.0    -1.0    -1.0    35.0    888     288     
81   620.5653235040173   00:00:00  00:00:00  0.4217561559786075       21.45481401537115        -1.0    -1.0    -1.0    35.0    888     288     
83   552.5443734504142   00:00:00  00:00:00  0.505423229336821        21.543404977178355       -1.0    -1.0    -1.0    35.0    888     288     
84   573.8507253223063   00:00:00  00:00:00  0.4967380348641639       11.084164653890928       -1.0    -1.0    -1.0    35.0    888     288     
85   420.6998183657156   00:00:00  00:00:00  0.45509970537168065      17.32850048985882        -1.0    -1.0    -1.0    35.0    888     288     
86   439.5439082870578   00:00:00  00:00:00  0.24326293577857605      35.833665311539534       -1.0    -1.0    -1.0    35.0    888     288     
88   450.20877052020955  00:00:00  00:00:00  0.2061046297575687       12.665759219918368       -1.0    -1.0    -1.0    35.0    888     288     
89   110.1657516020332   00:00:00  00:00:00  0.025901855591487423     18.200353247030144       -1.0    -1.0    -1.0    35.0    888     288     
90   443.8604241510417   00:00:00  00:00:00  0.3533866602834305       13.242335799793306       -1.0    -1.0    -1.0    35.0    888     288     
91   444.686556791516    00:00:00  00:00:00  0.4077832962117002       13.80369034602879        -1.0    -1.0    -1.0    35.0    888     288     
92   562.5781184397683   00:00:00  00:00:00  0.6835005902005468       10.27995831481763        -1.0    -1.0    -1.0    35.0    888     288     
93   167.62653574722364  00:00:00  00:00:00  0.02794717342101584      17.570916297751136       -1.0    -1.0    -1.0    35.0    888     288     
94   481.62428400668705  00:00:00  00:00:00  0.4565401559009469       11.826070143713975       -1.0    -1.0    -1.0    35.0    888     288     
95   475.5794761937849   00:00:00  00:00:00  0.5875361292861063       12.987091653999931       -1.0    -1.0    -1.0    35.0    888     288     
96   295.3711932454349   00:00:00  00:00:00  0.24218053028978936      11.871291318754192       -1.0    -1.0    -1.0    35.0    888     288     
98   584.9391974583868   00:00:00  00:00:00  0.6295707009501357       10.372529937559637       -1.0    -1.0    -1.0    35.0    888     288     
99   1076.886030040255   00:00:00  00:00:00  1.0553245057067546       14.901426606089192       -1.0    -1.0    -1.0    35.0    888     288     
